0.00000000, 0.00000261, 0.00004594, 0.00015221, 0.00000555, 0.00001296, 0.00000164, 0.00000583, 0.00000151, 0.00000597, 0.00000425, 0.00000172, 0.00000343, 0.00000604, 0.00064952, 0.00000119, 0.00000412, 0.00000226, 0.00000284, 0.00004378, 0.00000084, 0.00000313, 0.00000509, 0.00000499, 0.00000582, 0.00000203, 0.00000694, 0.00000664, 0.00000026, 0.00001358, 0.00000419, 0.00000576, 0.00000725, 0.00000372, 0.00000572, 0.00001168, 0.00000661, 0.00000198, 0.00000377, 0.00001256, 0.00000185, 0.00000220, 0.00000829, 0.00000292, 0.00000301, 0.00000501, 0.00001006, 0.00000012, 0.00000204, 0.00000299, 0.00001235, 0.00000057, 0.00025261, 0.00000158, 0.00000064, 0.00000232, 0.00002733, 0.00000223, 0.00000513, 0.00000193, 0.00000316, 0.00000989, 0.00000463, 0.00000761, 0.00000809, 0.00000736, 0.00000533, 0.00016498, 0.00000765, 0.00000143, 0.00000155, 0.00000494, 0.00000361, 0.00000885, 0.00000196, 0.00000772, 0.00000081, 0.00000587, 0.00000047, 0.00000213, 0.00000105, 0.00002049, 0.00000905, 0.00007638, 0.00004378, 0.00000050, 0.00000252, 0.00000476, 0.00000108, 0.00001516, 0.00000534, 0.00054507, 0.00000708, 0.00000908, 0.00000037, 0.00002175, 0.00000611, 0.00000203, 0.00001340, 0.00000732, 0.00000260, 0.00001897, 0.00000902, 0.00000640, 0.00000361, 0.00000157, 0.00000392, 0.00000191, 0.00000447, 0.00000971, 0.00000113, 0.00014699, 0.00000625, 0.00000313, 0.00000366, 0.00000589, 0.00000236, 0.00001203, 0.00007598, 0.00000312, 0.00000211, 0.00000055, 0.00001279, 0.00000351, 0.00000649, 0.00000173, 0.00000658, 0.00000889, 0.00000822, 0.00000246, 0.00000572, 0.00000396, 0.00000388, 0.00000109, 0.00000224, 0.00000393, 0.00000278, 0.00007360, 0.00000340, 0.00003727, 0.00001219, 0.00000403, 0.00000686, 0.00001438, 0.00000169, 0.00000961, 0.00001976, 0.00000587, 0.00007926, 0.00000097, 0.00000564, 0.00000428, 0.00000216, 0.00002644, 0.00000328, 0.00001186, 0.00001324, 0.00000295, 0.00000451, 0.00014362, 0.00000261, 0.00000782, 0.00000771, 0.00000101, 0.00000241, 0.00001124, 0.00000435, 0.00000476, 0.00000022, 0.00000770, 0.00000861, 0.00000089, 0.00001593, 0.00000076, 0.00000837, 0.00000681, 0.00015227, 0.00000233, 0.00001082, 0.00000429, 0.00000378, 0.00000051, 0.00000428, 0.00002408, 0.00000129, 0.00000184, 0.00000966, 0.00000773, 0.00000705, 0.00000466, 0.00000594, 0.00000281, 0.00000521, 0.00000418, 0.00000211, 0.00000134, 0.00000678, 0.00000172, 0.00000351, 0.00000750, 0.00000203, 0.00014922, 0.00000642, 0.00000260
0.00000261, 0.00000000, 0.00000137, 0.00001030, 0.00000205, 0.00000220, 0.00000205, 0.00000230, 0.00000250, 0.00000935, 0.00000131, 0.00000240, 0.00001266, 0.00001606, 0.00000386, 0.00000232, 0.00000741, 0.00000457, 0.00000550, 0.00001409, 0.00000780, 0.00000425, 0.00001049, 0.00022826, 0.00002759, 0.00000867, 0.00000411, 0.00000061, 0.00000453, 0.00000598, 0.00000237, 0.00000261, 0.00000766, 0.00000121, 0.00001246, 0.00000446, 0.00000930, 0.00000250, 0.00000459, 0.00000181, 0.00000314, 0.00002347, 0.00000742, 0.00000187, 0.00000806, 0.00000764, 0.00011150, 0.00000456, 0.00000054, 0.00000253, 0.00000576, 0.00000250, 0.00000674, 0.00000205, 0.00000273, 0.00000229, 0.00000285, 0.00000047, 0.00000393, 0.00000208, 0.00000562, 0.00000938, 0.00000449, 0.00000441, 0.00000589, 0.00000183, 0.00000253, 0.00000281, 0.00000158, 0.00000438, 0.00003287, 0.00000132, 0.00028444, 0.00041830, 0.00000160, 0.00000374, 0.00000899, 0.00188060, 0.00000106, 0.00000142, 0.00001040, 0.00000057, 0.00000834, 0.00000283, 0.00000423, 0.00000297, 0.00000342, 0.00000697, 0.00000089, 0.00004064, 0.00000826, 0.00001543, 0.00001336, 0.00032449, 0.00000309, 0.00000143, 0.00001457, 0.00000410, 0.00000408, 0.00000780, 0.00000261, 0.00000628, 0.00000363, 0.00000710, 0.00001476, 0.00000136, 0.00001004, 0.00000300, 0.00000629, 0.00021186, 0.00000656, 0.00000450, 0.00001137, 0.00001219, 0.00000249, 0.00000172, 0.00000699, 0.00000388, 0.00021617, 0.00000391, 0.00000703, 0.00000526, 0.00000900, 0.00037120, 0.00003107, 0.00000083, 0.00005842, 0.00001090, 0.00000653, 0.00000298, 0.00000125, 0.00000046, 0.00000520, 0.00000204, 0.00001413, 0.00020488, 0.00001368, 0.00008960, 0.00001002, 0.00000454, 0.00000432, 0.00000286, 0.00000226, 0.00000041, 0.00000821, 0.00000725, 0.00000305, 0.00000422, 0.00000878, 0.00001023, 0.00005061, 0.00000660, 0.00000386, 0.00000932, 0.00000317, 0.00000511, 0.00006590, 0.00001470, 0.00001006, 0.00000295, 0.00000092, 0.00057484, 0.00000171, 0.00009077, 0.00000958, 0.00000604, 0.00000536, 0.00000223, 0.00000151, 0.00000945, 0.00000581, 0.00000591, 0.00000243, 0.00000374, 0.00000543, 0.00000932, 0.00000720, 0.00000364, 0.00000102, 0.00000401, 0.00001716, 0.00000197, 0.00000431, 0.00000067, 0.00000456, 0.00000146, 0.00000285, 0.00000747, 0.00000135, 0.00000148, 0.00000776, 0.00000437, 0.00000780, 0.00000450, 0.00000122, 0.00000236, 0.00000749, 0.00000451, 0.00000044, 0.00000310, 0.00000768, 0.00000313, 0.00000500, 0.00000396
0.00004594, 0.00000137, 0.00000000, 0.00000180, 0.00000211, 0.00001002, 0.00000674, 0.00000293, 0.00000442, 0.00001239, 0.00000276, 0.00000190, 0.00000292, 0.00000568, 0.00000460, 0.00000133, 0.00000241, 0.00001825, 0.00000438, 0.00000196, 0.00001009, 0.00000865, 0.00000391, 0.00000513, 0.00000752, 0.00000290, 0.00001375, 0.00002606, 0.00000067, 0.00001652, 0.00000244, 0.00000283, 0.00000128, 0.00000270, 0.00000235, 0.00000364, 0.00009368, 0.00000309, 0.00018023, 0.00000924, 0.00000442, 0.00000181, 0.00000571, 0.00000305, 0.00000367, 0.00000902, 0.00000675, 0.00000237, 0.00000453, 0.00000344, 0.00000722, 0.00027128, 0.00000643, 0.00000626, 0.00001430, 0.00000550, 0.00000257, 0.00049490, 0.00002138, 0.00000049, 0.00000341, 0.00000509, 0.00000836, 0.00000550, 0.00000473, 0.00000063, 0.00000641, 0.00000608, 0.00000156, 0.00000136, 0.00000434, 0.00001296, 0.00000703, 0.00000639, 0.00000129, 0.00000157, 0.00000625, 0.00000633, 0.00000198, 0.00000619, 0.00000361, 0.00001073, 0.00000450, 0.00000477, 0.00000316, 0.00000259, 0.00000478, 0.00000236, 0.00000184, 0.00001155, 0.00006586, 0.00000114, 0.00000967, 0.00001272, 0.00000583, 0.00000529, 0.00000295, 0.00000735, 0.00000698, 0.00000424, 0.00000608, 0.00000403, 0.00000080, 0.00000323, 0.00000919, 0.00000262, 0.00000646, 0.00000417, 0.00000613, 0.00000937, 0.00000176, 0.00000350, 0.00000397, 0.00001865, 0.00000707, 0.00000197, 0.00000706, 0.00000140, 0.00000357, 0.00000204, 0.00000652, 0.00000397, 0.00000324, 0.00000143, 0.00000470, 0.00007549, 0.00049860, 0.00001170, 0.00000580, 0.00000531, 0.00000522, 0.00000612, 0.00001987, 0.00000693, 0.00000969, 0.00000697, 0.00000409, 0.00000407, 0.00000291, 0.00000357, 0.00000900, 0.00000125, 0.00000038, 0.00000902, 0.00000586, 0.00002075, 0.00000162, 0.00000583, 0.00000078, 0.00000107, 0.00000748, 0.00000298, 0.00000375, 0.00000559, 0.00000131, 0.00000941, 0.00000842, 0.00001511, 0.00000402, 0.00000065, 0.00000602, 0.00000328, 0.00000331, 0.00000504, 0.00000225, 0.00000797, 0.00000518, 0.00000653, 0.00000273, 0.00000520, 0.00000778, 0.00000109, 0.00000055, 0.00000948, 0.00001842, 0.00000190, 0.00000196, 0.00041019, 0.00034367, 0.00000383, 0.00000242, 0.00000519, 0.00000782, 0.00000152, 0.00000766, 0.00014261, 0.00001205, 0.00000148, 0.00000424, 0.00012385, 0.00001793, 0.00000765, 0.00000580, 0.00000160, 0.00000606, 0.00000820, 0.00000471, 0.00000487, 0.00000405, 0.00001344, 0.00000178, 0.00000290, 0.00000246, 0.00000010
0.00015221, 0.00001030, 0.00000180, 0.00000000, 0.00000430, 0.00000589, 0.00000212, 0.00001134, 0.00001327, 0.00000147, 0.00048396, 0.00000155, 0.00000284, 0.00003192, 0.00000970, 0.00000030, 0.00102414, 0.00000159, 0.00000453, 0.00000966, 0.00000210, 0.00000128, 0.00000136, 0.00000530, 0.00001820, 0.00000801, 0.00001022, 0.00000325, 0.00000097, 0.00000084, 0.00031408, 0.00000373, 0.00000059, 0.00000973, 0.00025801, 0.00000487, 0.00000621, 0.00000261, 0.00000100, 0.00024927, 0.00000283, 0.00000091, 0.00000391, 0.00000491, 0.00032160, 0.00000596, 0.00000415, 0.00000576, 0.00001414, 0.00000139, 0.00000233, 0.00000098, 0.00000253, 0.00000367, 0.00000374, 0.00000418, 0.00000310, 0.00000354, 0.00001014, 0.00000279, 0.00001638, 0.00000415, 0.00000332, 0.00001111, 0.00000307, 0.00000039, 0.00002597, 0.00000089, 0.00000313, 0.00000493, 0.00000336, 0.00001066, 0.00000329, 0.00000000, 0.00000319, 0.00000497, 0.00000086, 0.00000214, 0.00000300, 0.00000412, 0.00000260, 0.00000485, 0.00000249, 0.00024514, 0.00000524, 0.00000303, 0.00000745, 0.00000148, 0.00024317, 0.00004197, 0.00000061, 0.00000062, 0.00000558, 0.00000484, 0.00001066, 0.00000427, 0.00000144, 0.00000487, 0.00000380, 0.00000345, 0.00001480, 0.00000516, 0.00000299, 0.00000113, 0.00000850, 0.00000482, 0.00000144, 0.00000334, 0.00000429, 0.00000150, 0.00000716, 0.00039377, 0.00000885, 0.00000121, 0.00000282, 0.00000768, 0.00000578, 0.00000342, 0.00000292, 0.00001092, 0.00030699, 0.00000343, 0.00000533, 0.00000422, 0.00019811, 0.00000155, 0.00000505, 0.00001000, 0.00000660, 0.00000516, 0.00000043, 0.00000372, 0.00000113, 0.00000631, 0.00000100, 0.00000372, 0.00000133, 0.00000108, 0.00008829, 0.00000199, 0.00005275, 0.00003652, 0.00000291, 0.00000653, 0.00000432, 0.00000433, 0.00000673, 0.00000481, 0.00000204, 0.00000162, 0.00000255, 0.00000880, 0.00001015, 0.00001500, 0.00000685, 0.00000908, 0.00026308, 0.00000849, 0.00000937, 0.00000168, 0.00000189, 0.00000265, 0.00000506, 0.00002258, 0.00000382, 0.00000200, 0.00000322, 0.00000796, 0.00000049, 0.00000031, 0.00001050, 0.00000253, 0.00000227, 0.00000131, 0.00000247, 0.00000748, 0.00000332, 0.00000228, 0.00000445, 0.00000347, 0.00030951, 0.00000621, 0.00000372, 0.00000405, 0.00000214, 0.00000191, 0.00000192, 0.00000066, 0.00000512, 0.00001071, 0.00000558, 0.00000338, 0.00000175, 0.00001134, 0.00001485, 0.00000224, 0.00000583, 0.00001682, 0.00001097, 0.00000656, 0.00000745, 0.00000455, 0.00000473, 0.00000132
0.00000555, 0.00000205, 0.00000211, 0.00000430, 0.00000000, 0.00000304, 0.00000716, 0.00000108, 0.00000176, 0.00000510, 0.00048139, 0.00000149, 0.00002260, 0.00000597, 0.00000119, 0.00000291, 0.00000725, 0.00000928, 0.00000376, 0.00000077, 0.00000625, 0.00000382, 0.00000519, 0.00000977, 0.00000526, 0.00000328, 0.00001401, 0.00000033, 0.00000253, 0.00011078, 0.00000404, 0.00000287, 0.00001340, 0.00000518, 0.00000101, 0.00000470, 0.00000562, 0.00000378, 0.00000574, 0.00000275, 0.00000837, 0.00000447, 0.00000819, 0.00000354, 0.00000215, 0.00001014, 0.00001430, 0.00000427, 0.00000022, 0.00000577, 0.00070581, 0.00000291, 0.00000322, 0.00000346, 0.00000350, 0.00000858, 0.00000657, 0.00004776, 0.00000191, 0.00000441, 0.00000204, 0.00000039, 0.00000710, 0.00012393, 0.00000565, 0.00000226, 0.00000982, 0.00000223, 0.00006828, 0.00000193, 0.00001301, 0.00000344, 0.00000259, 0.00000356, 0.00000098, 0.00000986, 0.00000061, 0.00000148, 0.00000608, 0.00000161, 0.00001938, 0.00000386, 0.00035262, 0.00000979, 0.00000239, 0.00000104, 0.00000120, 0.00001193, 0.00000602, 0.00000338, 0.00000266, 0.00000136, 0.00000139, 0.00000192, 0.00000321, 0.00001724, 0.00000294, 0.00000255, 0.00115776, 0.00002684, 0.00031920, 0.00000334, 0.00000320, 0.00030215, 0.00000195, 0.00001152, 0.00000250, 0.00000245, 0.00000631, 0.00017051, 0.00000279, 0.00000190, 0.00003110, 0.00000561, 0.00000225, 0.00000383, 0.00000188, 0.00000605, 0.00000554, 0.00000572, 0.00002200, 0.00000150, 0.00000208, 0.00000710, 0.00000340, 0.00001567, 0.00001239, 0.00000295, 0.00000825, 0.00000532, 0.00000384, 0.00000487, 0.00000824, 0.00000588, 0.00000264, 0.00001146, 0.00000483, 0.00000373, 0.00000677, 0.00000373, 0.00001690, 0.00000123, 0.00000149, 0.00000523, 0.00000379, 0.00000267, 0.00000655, 0.00019591, 0.00001717, 0.00020941, 0.00000221, 0.00000651, 0.00000549, 0.00000341, 0.00000950, 0.00000329, 0.00002957, 0.00000102, 0.00000286, 0.00000179, 0.00000994, 0.00000016, 0.00000488, 0.00000304, 0.00000303, 0.00000368, 0.00000164, 0.00010538, 0.00000420, 0.00000405, 0.00000394, 0.00000526, 0.00000727, 0.00000089, 0.00000577, 0.00000839, 0.00001117, 0.00000950, 0.00000302, 0.00000520, 0.00000713, 0.00000097, 0.00000377, 0.00000455, 0.00000384, 0.00001508, 0.00000225, 0.00000268, 0.00000371, 0.00000468, 0.00022073, 0.00000551, 0.00000375, 0.00001427, 0.00000727, 0.00000659, 0.00000086, 0.00000103, 0.00000431, 0.00000492, 0.00000507, 0.00000590, 0.00000206, 0.00000806
0.00001296, 0.00000220, 0.00001002, 0.00000589, 0.00000304, 0.00000000, 0.00017652, 0.00000799, 0.00000254, 0.00000062, 0.00001370, 0.00000175, 0.00000986, 0.00000598, 0.00031509, 0.00000225, 0.00000129, 0.00000063, 0.00000766, 0.00000015, 0.00001312, 0.00000293, 0.00000591, 0.00002019, 0.00026846, 0.00000426, 0.00000367, 0.00000172, 0.00000390, 0.00000343, 0.00000165, 0.00001614, 0.00000157, 0.00000342, 0.00000496, 0.00000152, 0.00000462, 0.00000266, 0.00000224, 0.00001451, 0.00000688, 0.00018092, 0.00000382, 0.00000921, 0.00000832, 0.00002608, 0.00001420, 0.00000445, 0.00000282, 0.00000946, 0.00003145, 0.00012217, 0.00000632, 0.00000304, 0.00000504, 0.00000795, 0.00000455, 0.00000182, 0.00000267, 0.00000145, 0.00000851, 0.00000101, 0.00000141, 0.00000018, 0.00000576, 0.00009679, 0.00000136, 0.00001069, 0.00000029, 0.00005986, 0.00001202, 0.00001726, 0.00000275, 0.00001023, 0.00000558, 0.00000535, 0.00000421, 0.00000704, 0.00001211, 0.00000334, 0.00000720, 0.00000225, 0.00000603, 0.00000463, 0.00000232, 0.00000089, 0.00000382, 0.00000562, 0.00004369, 0.00000180, 0.00000002, 0.00000892, 0.00000076, 0.00001645, 0.00000245, 0.00000299, 0.00000371, 0.00000328, 0.00000547, 0.00000687, 0.00000137, 0.00000041, 0.00000700, 0.00001661, 0.00004536, 0.00000813, 0.00000318, 0.00000114, 0.00001187, 0.00000378, 0.00000148, 0.00000540, 0.00001108, 0.00074868, 0.00000437, 0.00000323, 0.00000551, 0.00000320, 0.00000254, 0.00008138, 0.00000522, 0.00000210, 0.00000753, 0.00054448, 0.00017500, 0.00000516, 0.00000054, 0.00000915, 0.00000448, 0.00000467, 0.00000602, 0.00000686, 0.00000975, 0.00000256, 0.00000706, 0.00000344, 0.00000204, 0.00000240, 0.00000352, 0.00000304, 0.00000016, 0.00000210, 0.00000249, 0.00000301, 0.00000203, 0.00000580, 0.00000579, 0.00000395, 0.00003295, 0.00004261, 0.00000490, 0.00000483, 0.00031063, 0.00000299, 0.00000270, 0.00000719, 0.00000761, 0.00000019, 0.00000404, 0.00000396, 0.00000482, 0.00000290, 0.00000485, 0.00000290, 0.00000051, 0.00000172, 0.00000413, 0.00000581, 0.00000590, 0.00028040, 0.00003086, 0.00000229, 0.00000293, 0.00000420, 0.00001157, 0.00000022, 0.00000822, 0.00000282, 0.00000806, 0.00000232, 0.00000654, 0.00000113, 0.00001014, 0.00000175, 0.00000283, 0.00000519, 0.00000676, 0.00001001, 0.00000355, 0.00005617, 0.00000393, 0.00000647, 0.00000473, 0.00000104, 0.00000493, 0.00000192, 0.00000554, 0.00000605, 0.00000179, 0.00000064, 0.00000192, 0.00000074, 0.00000422, 0.00000191
0.00000164, 0.00000205, 0.00000674, 0.00000212, 0.00000716, 0.00017652, 0.00000000, 0.00000343, 0.00000884, 0.00000196, 0.00001406, 0.00001461, 0.00001608, 0.00000646, 0.00001471, 0.00000299, 0.00000257, 0.00000337, 0.00000319, 0.00000141, 0.00000086, 0.00000971, 0.00000118, 0.00000167, 0.00000222, 0.00000204, 0.00000426, 0.00071611, 0.00000644, 0.00000583, 0.00000067, 0.00001414, 0.00000457, 0.00000358, 0.00000113, 0.00000142, 0.00009072, 0.00000571, 0.00001787, 0.00001433, 0.00000171, 0.00000588, 0.00000408, 0.00000196, 0.00000180, 0.00000928, 0.00000847, 0.00000257, 0.00000320, 0.00000250, 0.00000314, 0.00000891, 0.00000131, 0.00000239, 0.00003139, 0.00000636, 0.00000336, 0.00000470, 0.00001612, 0.00000055, 0.00014216, 0.00001763, 0.00000538, 0.00000938, 0.00000393, 0.00000386, 0.00000540, 0.00000000, 0.00000394, 0.00000282, 0.00000382, 0.00001114, 0.00000242, 0.00000690, 0.00000371, 0.00000464, 0.00000657, 0.00000324, 0.00020100, 0.00025133, 0.00001077, 0.00000219, 0.00000530, 0.00000259, 0.00000325, 0.00002967, 0.00001319, 0.00000424, 0.00000186, 0.00001439, 0.00001037, 0.00001029, 0.00001614, 0.00001143, 0.00001260, 0.00000229, 0.00000106, 0.00000290, 0.00000183, 0.00000244, 0.00000088, 0.00000204, 0.00001780, 0.00001858, 0.00000288, 0.00000105, 0.00000443, 0.00000334, 0.00000125, 0.00000487, 0.00000967, 0.00000054, 0.00001217, 0.00015355, 0.00000034, 0.00000131, 0.00000549, 0.00000645, 0.00000812, 0.00000400, 0.00015465, 0.00000582, 0.00001298, 0.00000346, 0.00000583, 0.00000340, 0.00001167, 0.00000422, 0.00000494, 0.00000253, 0.00000168, 0.00000282, 0.00000113, 0.00000086, 0.00000839, 0.00000659, 0.00000181, 0.00000208, 0.00001157, 0.00015051, 0.00001090, 0.00000321, 0.00000607, 0.00000480, 0.00047542, 0.00000177, 0.00001219, 0.00000257, 0.00017152, 0.00002088, 0.00000687, 0.00000025, 0.00000628, 0.00000516, 0.00000518, 0.00000454, 0.00000509, 0.00000215, 0.00015787, 0.00000120, 0.00001065, 0.00000346, 0.00010209, 0.00001044, 0.00000482, 0.00000824, 0.00000459, 0.00012388, 0.00000209, 0.00000262, 0.00001233, 0.00070320, 0.00000863, 0.00000793, 0.00000436, 0.00000525, 0.00000528, 0.00000562, 0.00001140, 0.00000817, 0.00000474, 0.00001140, 0.00000036, 0.00000293, 0.00000584, 0.00000320, 0.00022577, 0.00000974, 0.00000238, 0.00000273, 0.00000454, 0.00000271, 0.00005792, 0.00039186, 0.00000507, 0.00000106, 0.00000214, 0.00000376, 0.00000544, 0.00009289, 0.00000130, 0.00000122, 0.00000833, 0.00000468
0.00000583, 0.00000230, 0.00000293, 0.00001134, 0.00000108, 0.00000799, 0.00000343, 0.00000000, 0.00000424, 0.00002513, 0.00000258, 0.00000816, 0.00000187, 0.00000720, 0.00000490, 0.00001764, 0.00000361, 0.00001474, 0.00000080, 0.00000278, 0.00000263, 0.00000226, 0.00000496, 0.00000751, 0.00000013, 0.00000194, 0.00000112, 0.00000167, 0.00000116, 0.00001348, 0.00001905, 0.00000639, 0.00000471, 0.00000184, 0.00000214, 0.00000828, 0.00000163, 0.00000842, 0.00000133, 0.00001711, 0.00000387, 0.00000136, 0.00000260, 0.00000784, 0.00000627, 0.00000093, 0.00000573, 0.00017539, 0.00000452, 0.00001055, 0.00000536, 0.00000106, 0.00000259, 0.00000410, 0.00000020, 0.00000159, 0.00000108, 0.00003616, 0.00000620, 0.00000549, 0.00000593, 0.00000362, 0.00000350, 0.00000603, 0.00000714, 0.00000456, 0.00000885, 0.00001706, 0.00000345, 0.00000390, 0.00000937, 0.00014846, 0.00000619, 0.00000513, 0.00015281, 0.00000435, 0.00001399, 0.00000264, 0.00000645, 0.00000646, 0.00018771, 0.00000013, 0.00197909, 0.00000445, 0.00005994, 0.00001773, 0.00000306, 0.00000890, 0.00001482, 0.00000354, 0.00001186, 0.00000112, 0.00000933, 0.00000047, 0.00000420, 0.00000190, 0.00000405, 0.00000156, 0.00000502, 0.00000156, 0.00000061, 0.00000575, 0.00001166, 0.00000462, 0.00000489, 0.00000505, 0.00011482, 0.00000038, 0.00000414, 0.00000327, 0.00000425, 0.00000220, 0.00000325, 0.00000091, 0.00000140, 0.00000747, 0.00000000, 0.00000463, 0.00000347, 0.00000295, 0.00000245, 0.00015404, 0.00000057, 0.00000446, 0.00000047, 0.00000452, 0.00000872, 0.00000111, 0.00002194, 0.00000260, 0.00013878, 0.00000757, 0.00001222, 0.00000344, 0.00000291, 0.00001250, 0.00000751, 0.00002021, 0.00000765, 0.00000268, 0.00000321, 0.00000379, 0.00026655, 0.00001062, 0.00000381, 0.00041229, 0.00000190, 0.00000305, 0.00001370, 0.00000603, 0.00000292, 0.00000237, 0.00000170, 0.00012833, 0.00000437, 0.00000838, 0.00001008, 0.00000443, 0.00001385, 0.00000682, 0.00000400, 0.00000095, 0.00000349, 0.00000011, 0.00001488, 0.00000615, 0.00037511, 0.00000309, 0.00000091, 0.00000296, 0.00000556, 0.00000335, 0.00000770, 0.00001120, 0.00000436, 0.00000331, 0.00000464, 0.00000388, 0.00001406, 0.00002189, 0.00010794, 0.00001722, 0.00000187, 0.00001372, 0.00000151, 0.00000197, 0.00000202, 0.00001279, 0.00001062, 0.00000353, 0.00001019, 0.00000181, 0.00000110, 0.00000450, 0.00000322, 0.00000289, 0.00000228, 0.00000705, 0.00000364, 0.00000701, 0.00000336, 0.00000440, 0.00000082, 0.00000513
0.00000151, 0.00000250, 0.00000442, 0.00001327, 0.00000176, 0.00000254, 0.00000884, 0.00000424, 0.00000000, 0.00000479, 0.00000499, 0.00000123, 0.00000276, 0.00001398, 0.00000450, 0.00000414, 0.00000066, 0.00000432, 0.00000840, 0.00000748, 0.00000229, 0.00001494, 0.00000314, 0.00000383, 0.00001398, 0.00000346, 0.00000424, 0.00000245, 0.00000246, 0.00000135, 0.00008864, 0.00000160, 0.00000163, 0.00000195, 0.00000658, 0.00000270, 0.00000464, 0.00000846, 0.00000860, 0.00000630, 0.00000048, 0.00000538, 0.00000280, 0.00000790, 0.00000054, 0.00001355, 0.00000245, 0.00000070, 0.00000323, 0.00002151, 0.00000032, 0.00000877, 0.00000270, 0.00000300, 0.00001343, 0.00000238, 0.00000469, 0.00000061, 0.00000566, 0.00000361, 0.00000516, 0.00001252, 0.00000739, 0.00000801, 0.00000241, 0.00000198, 0.00000622, 0.00000611, 0.00000331, 0.00000512, 0.00000519, 0.00000514, 0.00000307, 0.00000135, 0.00000142, 0.00000505, 0.00000818, 0.00000550, 0.00000259, 0.00000123, 0.00000708, 0.00000062, 0.00000691, 0.00000788, 0.00001192, 0.00000104, 0.00014130, 0.00001214, 0.00000498, 0.00001362, 0.00000248, 0.00000327, 0.00000171, 0.00001784, 0.00000797, 0.00000303, 0.00001185, 0.00000092, 0.00000597, 0.00001068, 0.00015735, 0.00000100, 0.00000617, 0.00000803, 0.00000113, 0.00000278, 0.00018695, 0.00000338, 0.00000146, 0.00000619, 0.00000586, 0.00001058, 0.00000521, 0.00000257, 0.00000100, 0.00000606, 0.00000064, 0.00001987, 0.00000176, 0.00000392, 0.00000223, 0.00113887, 0.00000491, 0.00000293, 0.00000248, 0.00000339, 0.00000207, 0.00000247, 0.00000517, 0.00000140, 0.00000274, 0.00001590, 0.00000929, 0.00001060, 0.00000292, 0.00000797, 0.00000361, 0.00001370, 0.00000027, 0.00000237, 0.00000171, 0.00000765, 0.00000930, 0.00000865, 0.00000563, 0.00000807, 0.00000181, 0.00000492, 0.00000166, 0.00000047, 0.00001333, 0.00000106, 0.00000000, 0.00000199, 0.00000206, 0.00000138, 0.00000128, 0.00000213, 0.00000944, 0.00000186, 0.00000133, 0.00000223, 0.00000165, 0.00004548, 0.00000543, 0.00001278, 0.00000225, 0.00000047, 0.00000263, 0.00001086, 0.00000182, 0.00000924, 0.00000851, 0.00000105, 0.00000268, 0.00000292, 0.00000527, 0.00001699, 0.00000340, 0.00000314, 0.00000848, 0.00000485, 0.00000990, 0.00000693, 0.00000484, 0.00000177, 0.00000189, 0.00001086, 0.00000855, 0.00000581, 0.00000359, 0.00000265, 0.00009755, 0.00000135, 0.00000087, 0.00000299, 0.00000075, 0.00001124, 0.00000362, 0.00000373, 0.00000655, 0.00000286, 0.00000309, 0.00000363
0.00000597, 0.00000935, 0.00001239, 0.00000147, 0.00000510, 0.00000062, 0.00000196, 0.00002513, 0.00000479, 0.00000000, 0.00000829, 0.00000456, 0.00000223, 0.00000032, 0.00000309, 0.00001961, 0.00000389, 0.00000527, 0.00002290, 0.00000662, 0.00015933, 0.00000225, 0.00027957, 0.00000615, 0.00001995, 0.00000350, 0.00000631, 0.00000567, 0.00000701, 0.00000266, 0.00000399, 0.00005527, 0.00000468, 0.00000231, 0.00007289, 0.00000000, 0.00000255, 0.00000564, 0.00000675, 0.00000413, 0.00000645, 0.00001026, 0.00000848, 0.00000340, 0.00000181, 0.00000546, 0.00022032, 0.00000369, 0.00000425, 0.00000326, 0.00000347, 0.00026569, 0.00000402, 0.00000335, 0.00000686, 0.00000255, 0.00000671, 0.00000140, 0.00001000, 0.00000841, 0.00003417, 0.00000863, 0.00000436, 0.00000440, 0.00033891, 0.00000177, 0.00001198, 0.00000229, 0.00000213, 0.00001133, 0.00000900, 0.00000973, 0.00025206, 0.00000702, 0.00026298, 0.00001114, 0.00000299, 0.00000614, 0.00001239, 0.00000275, 0.00000497, 0.00000425, 0.00000894, 0.00001593, 0.00001733, 0.00001891, 0.00000307, 0.00000153, 0.00000332, 0.00000255, 0.00000285, 0.00002827, 0.00000563, 0.00001367, 0.00000318, 0.00000109, 0.00019068, 0.00000593, 0.00000642, 0.00002014, 0.00000346, 0.00000256, 0.00000365, 0.00000593, 0.00000737, 0.00000387, 0.00001296, 0.00000728, 0.00000145, 0.00006815, 0.00000117, 0.00000114, 0.00000240, 0.00000317, 0.00001843, 0.00000261, 0.00000404, 0.00000227, 0.00000761, 0.00000697, 0.00000323, 0.00000349, 0.00000214, 0.00000501, 0.00000438, 0.00001483, 0.00000322, 0.00003174, 0.00000530, 0.00001822, 0.00000529, 0.00000691, 0.00000916, 0.00027083, 0.00000558, 0.00000783, 0.00000103, 0.00000600, 0.00000098, 0.00114530, 0.00000409, 0.00000340, 0.00000266, 0.00012562, 0.00000295, 0.00001132, 0.00000673, 0.00000049, 0.00000832, 0.00000319, 0.00000811, 0.00000193, 0.00000443, 0.00000257, 0.00002023, 0.00000336, 0.00000332, 0.00002333, 0.00002132, 0.00000192, 0.00000560, 0.00000327, 0.00000346, 0.00000098, 0.00000654, 0.00000165, 0.00000193, 0.00000960, 0.00000295, 0.00000512, 0.00000178, 0.00000397, 0.00000040, 0.00000310, 0.00001009, 0.00000826, 0.00000339, 0.00000468, 0.00069652, 0.00000243, 0.00000288, 0.00000224, 0.00000487, 0.00001542, 0.00000307, 0.00000119, 0.00000567, 0.00000419, 0.00002249, 0.00001336, 0.00000856, 0.00000265, 0.00000117, 0.00000759, 0.00002534, 0.00000712, 0.00000905, 0.00000332, 0.00000206, 0.00000869, 0.00000078, 0.00000131, 0.00001354, 0.00000539
0.00000425, 0.00000131, 0.00000276, 0.00048396, 0.00048139, 0.00001370, 0.00001406, 0.00000258, 0.00000499, 0.00000829, 0.00000000, 0.00000673, 0.00000302, 0.00006075, 0.00000247, 0.00000374, 0.00000651, 0.00000445, 0.00000637, 0.00000442, 0.00000029, 0.00000165, 0.00003780, 0.00000154, 0.00001109, 0.00000178, 0.00000787, 0.00000715, 0.00000521, 0.00000174, 0.00000207, 0.00000524, 0.00000140, 0.00000417, 0.00000372, 0.00000546, 0.00000182, 0.00000433, 0.00000212, 0.00000266, 0.00000215, 0.00000883, 0.00000417, 0.00000548, 0.00000237, 0.00000004, 0.00000466, 0.00000422, 0.00000616, 0.00019020, 0.00000202, 0.00000266, 0.00000546, 0.00024514, 0.00000524, 0.00000350, 0.00000269, 0.00000847, 0.00000250, 0.00000044, 0.00000321, 0.00000301, 0.00000098, 0.00000809, 0.00000311, 0.00002713, 0.00017019, 0.00000140, 0.00000420, 0.00000941, 0.00000224, 0.00000855, 0.00000449, 0.00041018, 0.00000158, 0.00000352, 0.00000485, 0.00001595, 0.00000470, 0.00000544, 0.00000060, 0.00018574, 0.00000402, 0.00000621, 0.00000055, 0.00003135, 0.00005575, 0.00000157, 0.00000609, 0.00000445, 0.00000996, 0.00000689, 0.00000217, 0.00035804, 0.00000404, 0.00001953, 0.00000269, 0.00000541, 0.00000022, 0.00000289, 0.00000099, 0.00000028, 0.00000492, 0.00000224, 0.00000580, 0.00051225, 0.00000338, 0.00000762, 0.00000455, 0.00000358, 0.00000113, 0.00000619, 0.00000654, 0.00000425, 0.00006008, 0.00000550, 0.00000484, 0.00024593, 0.00000756, 0.00000519, 0.00000406, 0.00000180, 0.00000089, 0.00000450, 0.00001395, 0.00000283, 0.00000744, 0.00000303, 0.00001183, 0.00000228, 0.00000386, 0.00000655, 0.00238768, 0.00000174, 0.00000302, 0.00000672, 0.00000093, 0.00001165, 0.00001908, 0.00010997, 0.00001125, 0.00000259, 0.00000751, 0.00000210, 0.00000671, 0.00000185, 0.00000194, 0.00000201, 0.00000530, 0.00000816, 0.00049605, 0.00000664, 0.00001019, 0.00000757, 0.00000000, 0.00000824, 0.00000427, 0.00000229, 0.00000334, 0.00000275, 0.00002544, 0.00017058, 0.00000771, 0.00000158, 0.00026822, 0.00000497, 0.00000111, 0.00001996, 0.00000488, 0.00000309, 0.00001375, 0.00000267, 0.00000681, 0.00001212, 0.00000452, 0.00000569, 0.00000142, 0.00002111, 0.00000270, 0.00000532, 0.00001151, 0.00002161, 0.00001776, 0.00000531, 0.00000336, 0.00000270, 0.00000616, 0.00000219, 0.00000425, 0.00000412, 0.00000450, 0.00000352, 0.00000311, 0.00000136, 0.00001438, 0.00000578, 0.00000222, 0.00000036, 0.00000585, 0.00000729, 0.00000647, 0.00000079, 0.00000276, 0.00000252
0.00000172, 0.00000240, 0.00000190, 0.00000155, 0.00000149, 0.00000175, 0.00001461, 0.00000816, 0.00000123, 0.00000456, 0.00000673, 0.00000000, 0.00000884, 0.00000358, 0.00000328, 0.00000691, 0.00000645, 0.00000921, 0.00000778, 0.00000703, 0.00018269, 0.00000335, 0.00000554, 0.00000243, 0.00000361, 0.00000032, 0.00000566, 0.00000799, 0.00000368, 0.00000421, 0.00000296, 0.00000309, 0.00000383, 0.00001436, 0.00002376, 0.00000418, 0.00000166, 0.00000443, 0.00000364, 0.00000345, 0.00000060, 0.00000166, 0.00001084, 0.00000297, 0.00001182, 0.00000847, 0.00005375, 0.00000715, 0.00001188, 0.00031949, 0.00000833, 0.00000596, 0.00000529, 0.00000442, 0.00177247, 0.00000389, 0.00000690, 0.00000328, 0.00000197, 0.00000713, 0.00000099, 0.00012603, 0.00001079, 0.00005923, 0.00000788, 0.00000243, 0.00000622, 0.00000742, 0.00000301, 0.00000415, 0.00000690, 0.00000570, 0.00001355, 0.00000462, 0.00001420, 0.00000911, 0.00000908, 0.00000288, 0.00002040, 0.00000120, 0.00017703, 0.00000168, 0.00021694, 0.00000490, 0.00000358, 0.00000362, 0.00047693, 0.00135758, 0.00000107, 0.00001014, 0.00000506, 0.00002194, 0.00000974, 0.00000305, 0.00000375, 0.00000155, 0.00015077, 0.00000399, 0.00000124, 0.00000893, 0.00001002, 0.00000024, 0.00000443, 0.00000306, 0.00000360, 0.00000323, 0.00002131, 0.00001235, 0.00000348, 0.00000324, 0.00000127, 0.00002245, 0.00001330, 0.00000141, 0.00000141, 0.00000367, 0.00000348, 0.00000557, 0.00000342, 0.00017731, 0.00000928, 0.00024677, 0.00000826, 0.00000365, 0.00000178, 0.00000853, 0.00000524, 0.00008888, 0.00000849, 0.00000211, 0.00000227, 0.00001546, 0.00000299, 0.00000356, 0.00000149, 0.00001792, 0.00000123, 0.00000373, 0.00001571, 0.00000432, 0.00000584, 0.00000495, 0.00000893, 0.00003803, 0.00001866, 0.00000263, 0.00000486, 0.00030863, 0.00000679, 0.00000608, 0.00001288, 0.00000513, 0.00000377, 0.00000414, 0.00000253, 0.00001308, 0.00000559, 0.00000041, 0.00000027, 0.00000435, 0.00001070, 0.00039657, 0.00000898, 0.00000566, 0.00000101, 0.00000298, 0.00000368, 0.00000014, 0.00000427, 0.00001024, 0.00000173, 0.00000400, 0.00000414, 0.00053621, 0.00001363, 0.00000266, 0.00000562, 0.00000138, 0.00000015, 0.00000711, 0.00000528, 0.00000501, 0.00000932, 0.00000773, 0.00000809, 0.00000181, 0.00000856, 0.00001063, 0.00000705, 0.00000302, 0.00000073, 0.00000255, 0.00000729, 0.00000802, 0.00000481, 0.00000229, 0.00000256, 0.00000208, 0.00000329, 0.00000714, 0.00019504, 0.00000207, 0.00000566, 0.00000259
0.00000343, 0.00001266, 0.00000292, 0.00000284, 0.00002260, 0.00000986, 0.00001608, 0.00000187, 0.00000276, 0.00000223, 0.00000302, 0.00000884, 0.00000000, 0.00000536, 0.00000368, 0.00000174, 0.00000524, 0.00000817, 0.00000523, 0.00000066, 0.00000693, 0.00003573, 0.00000177, 0.00000496, 0.00000299, 0.00000789, 0.00000284, 0.00000020, 0.00001152, 0.00000366, 0.00000903, 0.00000403, 0.00000254, 0.00000260, 0.00000130, 0.00000194, 0.00009199, 0.00000146, 0.00001075, 0.00000262, 0.00000567, 0.00003240, 0.00000442, 0.00000086, 0.00000668, 0.00000619, 0.00000646, 0.00000105, 0.00000536, 0.00000246, 0.00000032, 0.00000061, 0.00000524, 0.00000988, 0.00000356, 0.00000495, 0.00000307, 0.00000206, 0.00000896, 0.00000757, 0.00001002, 0.00000127, 0.00000225, 0.00000319, 0.00000727, 0.00001162, 0.00001239, 0.00000538, 0.00000602, 0.00000545, 0.00000309, 0.00000261, 0.00000377, 0.00000568, 0.00002406, 0.00010826, 0.00000414, 0.00000644, 0.00000322, 0.00000705, 0.00157397, 0.00000268, 0.00000533, 0.00002499, 0.00000243, 0.00074389, 0.00000794, 0.00000564, 0.00000153, 0.00034657, 0.00024036, 0.00000796, 0.00001262, 0.00000029, 0.00000664, 0.00000346, 0.00000143, 0.00000173, 0.00000251, 0.00004893, 0.00001145, 0.00000356, 0.00000274, 0.00000094, 0.00000723, 0.00001208, 0.00001054, 0.00000189, 0.00000767, 0.00000419, 0.00080556, 0.00000365, 0.00000463, 0.00000667, 0.00020527, 0.00000308, 0.00000492, 0.00000931, 0.00000726, 0.00001058, 0.00000493, 0.00000563, 0.00000441, 0.00000734, 0.00002187, 0.00001041, 0.00000988, 0.00000750, 0.00000848, 0.00001183, 0.00005319, 0.00000214, 0.00000207, 0.00000038, 0.00000267, 0.00000605, 0.00000012, 0.00001516, 0.00000546, 0.00000664, 0.00010988, 0.00001928, 0.00000756, 0.00000299, 0.00026744, 0.00000925, 0.00000219, 0.00000214, 0.00000439, 0.00001158, 0.00000286, 0.00000170, 0.00000522, 0.00000485, 0.00000057, 0.00000029, 0.00000302, 0.00000070, 0.00000753, 0.00001023, 0.00000611, 0.00000259, 0.00009759, 0.00001740, 0.00001749, 0.00044669, 0.00000591, 0.00001285, 0.00000150, 0.00000528, 0.00000142, 0.00000263, 0.00000315, 0.00000167, 0.00000809, 0.00001324, 0.00000577, 0.00000732, 0.00000538, 0.00000239, 0.00013821, 0.00000609, 0.00000010, 0.00000318, 0.00000318, 0.00000950, 0.00002201, 0.00000734, 0.00000674, 0.00002122, 0.00000634, 0.00025060, 0.00001374, 0.00000076, 0.00000420, 0.00000440, 0.00001251, 0.00000539, 0.00000052, 0.00002748, 0.00001965, 0.00000208, 0.00000334, 0.00000158
0.00000604, 0.00001606, 0.00000568, 0.00003192, 0.00000597, 0.00000598, 0.00000646, 0.00000720, 0.00001398, 0.00000032, 0.00006075, 0.00000358, 0.00000536, 0.00000000, 0.00000788, 0.00001320, 0.00002543, 0.00000091, 0.00000236, 0.00000571, 0.00001477, 0.00000674, 0.00000220, 0.00000152, 0.00000442, 0.00000560, 0.00000481, 0.00000940, 0.00000696, 0.00000511, 0.00000302, 0.00055928, 0.00000440, 0.00000182, 0.00001052, 0.00000203, 0.00000221, 0.00000927, 0.00000770, 0.00000587, 0.00000583, 0.00001100, 0.00001226, 0.00000243, 0.00001325, 0.00000242, 0.00000268, 0.00000441, 0.00000835, 0.00001051, 0.00010278, 0.00000271, 0.00000147, 0.00000275, 0.00000396, 0.00000042, 0.00000110, 0.00000287, 0.00000000, 0.00000314, 0.00001115, 0.00000277, 0.00000629, 0.00000176, 0.00000714, 0.00000058, 0.00010909, 0.00000781, 0.00000457, 0.00000828, 0.00000252, 0.00000557, 0.00000210, 0.00000892, 0.00000592, 0.00000297, 0.00002947, 0.00000361, 0.00000585, 0.00096138, 0.00000611, 0.00001595, 0.00000726, 0.00000413, 0.00000067, 0.00001306, 0.00000672, 0.00024214, 0.00000056, 0.00000300, 0.00000815, 0.00000454, 0.00000910, 0.00000622, 0.00000611, 0.00000747, 0.00000543, 0.00000684, 0.00005373, 0.00000645, 0.00000496, 0.00000002, 0.00000259, 0.00016831, 0.00000780, 0.00000456, 0.00001914, 0.00000324, 0.00000956, 0.00000134, 0.00000324, 0.00000118, 0.00000200, 0.00000575, 0.00000994, 0.00000205, 0.00001156, 0.00000700, 0.00000110, 0.00001631, 0.00000165, 0.00000707, 0.00000287, 0.00001122, 0.00000975, 0.00000414, 0.00000180, 0.00000774, 0.00000655, 0.00000417, 0.00000409, 0.00000460, 0.00000095, 0.00000304, 0.00000680, 0.00000931, 0.00000048, 0.00000118, 0.00000187, 0.00000230, 0.00005724, 0.00000591, 0.00000284, 0.00000546, 0.00000536, 0.00001134, 0.00000631, 0.00000520, 0.00001093, 0.00000319, 0.00000475, 0.00000726, 0.00000552, 0.00000113, 0.00000470, 0.00000713, 0.00000162, 0.00004408, 0.00001235, 0.00001227, 0.00001184, 0.00000202, 0.00000904, 0.00000227, 0.00017743, 0.00000501, 0.00000855, 0.00000966, 0.00000860, 0.00000131, 0.00000263, 0.00040812, 0.00000137, 0.00000569, 0.00000221, 0.00000106, 0.00001323, 0.00000372, 0.00000596, 0.00000630, 0.00000377, 0.00000190, 0.00001478, 0.00000737, 0.00000251, 0.00000216, 0.00000122, 0.00000387, 0.00000518, 0.00000443, 0.00001550, 0.00000589, 0.00000723, 0.00000082, 0.00000109, 0.00000320, 0.00000024, 0.00001017, 0.00000121, 0.00000218, 0.00000024, 0.00003684, 0.00000196, 0.00000251
0.00064952, 0.00000386, 0.00000460, 0.00000970, 0.00000119, 0.00031509, 0.00001471, 0.00000490, 0.00000450, 0.00000309, 0.00000247, 0.00000328, 0.00000368, 0.00000788, 0.00000000, 0.00000285, 0.00000171, 0.00000170, 0.00014512, 0.00000249, 0.00000488, 0.00000795, 0.00000455, 0.00000334, 0.00000790, 0.00001026, 0.00000564, 0.00000246, 0.00000163, 0.00001112, 0.00000092, 0.00000939, 0.00000351, 0.00001173, 0.00000610, 0.00000172, 0.00000132, 0.00000408, 0.00000640, 0.00000288, 0.00000310, 0.00000096, 0.00003222, 0.00000108, 0.00001196, 0.00001383, 0.00000267, 0.00000097, 0.00000359, 0.00008680, 0.00000093, 0.00000055, 0.00000101, 0.00000855, 0.00007451, 0.00001922, 0.00001023, 0.00000509, 0.00000389, 0.00000738, 0.00000727, 0.00000190, 0.00000812, 0.00000402, 0.00001765, 0.00001180, 0.00001422, 0.00000072, 0.00000385, 0.00000649, 0.00035508, 0.00005879, 0.00008660, 0.00001585, 0.00001246, 0.00000035, 0.00000206, 0.00000684, 0.00001097, 0.00000063, 0.00020101, 0.00000275, 0.00000304, 0.00000387, 0.00001936, 0.00000354, 0.00001322, 0.00000484, 0.00000157, 0.00000252, 0.00000504, 0.00000726, 0.00000136, 0.00000980, 0.00000968, 0.00000083, 0.00000658, 0.00000281, 0.00000358, 0.00000116, 0.00000149, 0.00000084, 0.00000753, 0.00000207, 0.00000661, 0.00000492, 0.00000098, 0.00000232, 0.00000612, 0.00000127, 0.00000542, 0.00000843, 0.00000565, 0.00012807, 0.00000077, 0.00000228, 0.00000953, 0.00000874, 0.00000500, 0.00000334, 0.00000011, 0.00000628, 0.00000169, 0.00001034, 0.00000444, 0.00010154, 0.00000635, 0.00000805, 0.00000285, 0.00000139, 0.00000205, 0.00000086, 0.00000105, 0.00000185, 0.00000369, 0.00000700, 0.00000338, 0.00000149, 0.00000424, 0.00000774, 0.00000201, 0.00000603, 0.00000090, 0.00000181, 0.00000754, 0.00000180, 0.00000417, 0.00001427, 0.00000442, 0.00000494, 0.00000231, 0.00000489, 0.00000583, 0.00000215, 0.00000118, 0.00000539, 0.00000083, 0.00000055, 0.00000716, 0.00000407, 0.00000983, 0.00000481, 0.00000270, 0.00000189, 0.00000051, 0.00000249, 0.00000448, 0.00000288, 0.00000168, 0.00000761, 0.00000969, 0.00000511, 0.00000078, 0.00000182, 0.00000277, 0.00000328, 0.00000483, 0.00000834, 0.00005702, 0.00000119, 0.00000928, 0.00000130, 0.00000366, 0.00001373, 0.00000861, 0.00000436, 0.00000215, 0.00000047, 0.00000299, 0.00000762, 0.00000548, 0.00000212, 0.00000262, 0.00000460, 0.00000543, 0.00000136, 0.00000188, 0.00000401, 0.00000358, 0.00000974, 0.00000099, 0.00000193, 0.00000300, 0.00000248
0.00000119, 0.00000232, 0.00000133, 0.00000030, 0.00000291, 0.00000225, 0.00000299, 0.00001764, 0.00000414, 0.00001961, 0.00000374, 0.00000691, 0.00000174, 0.00001320, 0.00000285, 0.00000000, 0.00000604, 0.00000811, 0.00000725, 0.00000438, 0.00000092, 0.00000267, 0.00000782, 0.00001307, 0.00003175, 0.00001243, 0.00000342, 0.00000436, 0.00000567, 0.00000329, 0.00004658, 0.00001153, 0.00022239, 0.00000194, 0.00000012, 0.00000393, 0.00000091, 0.00000279, 0.00000542, 0.00000252, 0.00000350, 0.00000142, 0.00000689, 0.00001217, 0.00000696, 0.00003469, 0.00001371, 0.00001036, 0.00000107, 0.00000082, 0.00000264, 0.00000483, 0.00000028, 0.00000571, 0.00000039, 0.00000295, 0.00000282, 0.00000479, 0.00000090, 0.00002103, 0.00000173, 0.00000473, 0.00000504, 0.00000650, 0.00000889, 0.00000305, 0.00000168, 0.00000159, 0.00000396, 0.00000490, 0.00000152, 0.00000057, 0.00000060, 0.00000376, 0.00000626, 0.00003829, 0.00030213, 0.00000399, 0.00000552, 0.00000609, 0.00000342, 0.00000572, 0.00000515, 0.00000841, 0.00000162, 0.00000229, 0.00000219, 0.00000484, 0.00000250, 0.00000654, 0.00000393, 0.00000336, 0.00001592, 0.00000531, 0.00000548, 0.00000041, 0.00001521, 0.00000211, 0.00000167, 0.00000754, 0.00001057, 0.00000182, 0.00000282, 0.00000959, 0.00000488, 0.00000299, 0.00000239, 0.00000527, 0.00000295, 0.00000478, 0.00000149, 0.00000519, 0.00000348, 0.00000580, 0.00000722, 0.00000514, 0.00000171, 0.00000280, 0.00000210, 0.00000218, 0.00000281, 0.00000338, 0.00000484, 0.00000313, 0.00000188, 0.00000199, 0.00000299, 0.00000766, 0.00000489, 0.00001180, 0.00000937, 0.00000261, 0.00000046, 0.00000285, 0.00000757, 0.00000122, 0.00000631, 0.00000696, 0.00001294, 0.00000256, 0.00001261, 0.00000333, 0.00013752, 0.00000683, 0.00000394, 0.00000842, 0.00000465, 0.00001009, 0.00000436, 0.00000313, 0.00000883, 0.00000039, 0.00002693, 0.00001066, 0.00000233, 0.00000208, 0.00000766, 0.00032126, 0.00000753, 0.00001074, 0.00000295, 0.00000910, 0.00000539, 0.00000440, 0.00000417, 0.00000362, 0.00000354, 0.00000502, 0.00001268, 0.00000082, 0.00000797, 0.00000675, 0.00000059, 0.00000128, 0.00000787, 0.00001884, 0.00000643, 0.00000276, 0.00000058, 0.00000165, 0.00000731, 0.00000701, 0.00000252, 0.00000241, 0.00000185, 0.00000583, 0.00000236, 0.00000439, 0.00000908, 0.00009721, 0.00000245, 0.00000744, 0.00000368, 0.00000442, 0.00000902, 0.00000010, 0.00007153, 0.00000592, 0.00000007, 0.00000666, 0.00000458, 0.00000940, 0.00000592, 0.00000437
