0.00000000, 0.00014868, 0.00005582, 0.00009777, 0.00006702, 0.00007627, 0.00006006, 0.00010974, 0.00002996, 0.00014366, 0.00012291, 0.00009882, 0.00019394, 0.00007537, 0.00006712, 0.00017688, 0.00019843, 0.00012279, 0.00006901, 0.00011895, 0.00009613, 0.00008492, 0.00009333, 0.00010188, 0.00021126, 0.00003567, 0.00005553, 0.00005105, 0.00010790, 0.00025863, 0.00013421, 0.00003352, 0.00012573, 0.00010321, 0.00007921, 0.00005721, 0.00022389, 0.00017862, 0.00005947, 0.00006572, 0.00006494, 0.00002848, 0.00020145, 0.00007358, 0.00009754, 0.00011821, 0.00016243, 0.00004803, 0.00010775, 0.00006811, 0.00019648, 0.00016213, 0.00006101, 0.00012509, 0.00009657, 0.00016691, 0.00013622, 0.00012893, 0.00016803, 0.00003456, 0.00002283, 0.00020820, 0.00011528, 0.00014133, 0.00009603, 0.00016841, 0.00012144, 0.00009523, 0.00009146, 0.00037701, 0.00019106, 0.00006141, 0.00028309, 0.00012873, 0.00012731, 0.00019510, 0.00003723, 0.00009294, 0.00009251, 0.00016918, 0.00017487, 0.00011628, 0.00015954, 0.00005603
0.00014868, 0.00000000, 0.00011030, 0.00012274, 0.00003668, 0.00015705, 0.00013582, 0.00014081, 0.00009973, 0.00011237, 0.00009828, 0.00029559, 0.00009655, 0.00019309, 0.00005671, 0.00013278, 0.00011855, 0.00006854, 0.00020904, 0.00018241, 0.00007876, 0.00006358, 0.00006800, 0.00015599, 0.00022622, 0.00004375, 0.00009175, 0.00013602, 0.00037605, 0.00005754, 0.00007472, 0.00011963, 0.00007006, 0.00009542, 0.00011735, 0.00008350, 0.00009550, 0.00013128, 0.00017090, 0.00007373, 0.00004392, 0.00001448, 0.00006987, 0.00013952, 0.00012553, 0.00002278, 0.00008627, 0.00007085, 0.00007974, 0.00004823, 0.00016616, 0.00006366, 0.00019065, 0.00005928, 0.00009830, 0.00011057, 0.00011534, 0.00017668, 0.00004373, 0.00011569, 0.00009437, 0.00007727, 0.00009509, 0.00020484, 0.00011768, 0.00010228, 0.00007979, 0.00017008, 0.00028149, 0.00007775, 0.00014457, 0.00021820, 0.00021814, 0.00014918, 0.00011454, 0.00006189, 0.00011150, 0.00013118, 0.00008743, 0.00013515, 0.00010237, 0.00018473, 0.00017626, 0.00013523
0.00005582, 0.00011030, 0.00000000, 0.00006064, 0.00008819, 0.00010480, 0.00009284, 0.00013853, 0.00010027, 0.00014507, 0.00004694, 0.00016032, 0.00012941, 0.00007694, 0.00021168, 0.00011833, 0.00004134, 0.00004092, 0.00004293, 0.00008182, 0.00005498, 0.00010487, 0.00004888, 0.00008612, 0.00013047, 0.00005376, 0.00009602, 0.00007507, 0.00004245, 0.00011010, 0.00003115, 0.00009736, 0.00015621, 0.00009981, 0.00007199, 0.00009749, 0.00006325, 0.00003418, 0.00012416, 0.00005456, 0.00009795, 0.00006043, 0.00005673, 0.00006871, 0.00010372, 0.00020358, 0.00003617, 0.00008304, 0.00011332, 0.00009989, 0.00010881, 0.00012138, 0.00012781, 0.00014032, 0.00010880, 0.00008487, 0.00004320, 0.00009828, 0.00007960, 0.00008133, 0.00007673, 0.00006576, 0.00008122, 0.00004353, 0.00012752, 0.00010943, 0.00016926, 0.00005843, 0.00013536, 0.00009450, 0.00015688, 0.00017997, 0.00013479, 0.00012723, 0.00010561, 0.00004392, 0.00023463, 0.00016827, 0.00007610, 0.00014476, 0.00006819, 0.00014812, 0.00007075, 0.00005629
0.00009777, 0.00012274, 0.00006064, 0.00000000, 0.00014091, 0.00003971, 0.00007277, 0.00020973, 0.00003076, 0.00007682, 0.00010397, 0.00008776, 0.00019756, 0.00012799, 0.00007524, 0.00015218, 0.00012014, 0.00015818, 0.00011684, 0.00006813, 0.00004726, 0.00008299, 0.00004823, 0.00008055, 0.00016648, 0.00019360, 0.00006405, 0.00015523, 0.00006151, 0.00009866, 0.00005718, 0.00011500, 0.00010697, 0.00003580, 0.00007857, 0.00005155, 0.00006027, 0.00010262, 0.00014994, 0.00009791, 0.00002990, 0.00016801, 0.00015292, 0.00011117, 0.00002391, 0.00018436, 0.00005428, 0.00010242, 0.00020749, 0.00003742, 0.00007003, 0.00013456, 0.00016415, 0.00021563, 0.00010661, 0.00008425, 0.00008137, 0.00006893, 0.00022891, 0.00008465, 0.00005343, 0.00006044, 0.00010557, 0.00017297, 0.00007115, 0.00009498, 0.00006594, 0.00006572, 0.00023536, 0.00014911, 0.00010598, 0.00017077, 0.00007481, 0.00008293, 0.00014115, 0.00011395, 0.00008257, 0.00024755, 0.00003016, 0.00005075, 0.00006173, 0.00004565, 0.00073671, 0.00009559
0.00006702, 0.00003668, 0.00008819, 0.00014091, 0.00000000, 0.00007451, 0.00008045, 0.00006818, 0.00006088, 0.00009644, 0.00008731, 0.00008238, 0.00006558, 0.00006023, 0.00012678, 0.00005551, 0.00005326, 0.00012221, 0.00007519, 0.00006039, 0.00015705, 0.00005891, 0.00010909, 0.00009382, 0.00009211, 0.00007130, 0.00007285, 0.00007176, 0.00004056, 0.00008883, 0.00004675, 0.00006864, 0.00005809, 0.00004126, 0.00005891, 0.00005171, 0.00006083, 0.00011381, 0.00005830, 0.00007624, 0.00015356, 0.00025587, 0.00004876, 0.00006833, 0.00010603, 0.00010645, 0.00004038, 0.00008601, 0.00006908, 0.00016573, 0.00007099, 0.00004773, 0.00017177, 0.00014851, 0.00011914, 0.00003311, 0.00005739, 0.00005484, 0.00011159, 0.00006985, 0.00018890, 0.00005507, 0.00010788, 0.00005145, 0.00007992, 0.00006818, 0.00011099, 0.00005692, 0.00057085, 0.00009567, 0.00004390, 0.00003569, 0.00007514, 0.00006952, 0.00007655, 0.00007972, 0.00009753, 0.00022902, 0.00017047, 0.00005998, 0.00037722, 0.00008084, 0.00013149, 0.00002935
0.00007627, 0.00015705, 0.00010480, 0.00003971, 0.00007451, 0.00000000, 0.00033729, 0.00011433, 0.00031476, 0.00013369, 0.00017010, 0.00008383, 0.00018824, 0.00030433, 0.00016164, 0.00006772, 0.00007003, 0.00010769, 0.00009192, 0.00011496, 0.00015581, 0.00010310, 0.00006213, 0.00031723, 0.00007917, 0.00007938, 0.00011359, 0.00005267, 0.00015401, 0.00004251, 0.00006804, 0.00036648, 0.00012675, 0.00001732, 0.00005805, 0.00011287, 0.00010324, 0.00007843, 0.00007888, 0.00012656, 0.00007094, 0.00006205, 0.00016311, 0.00006699, 0.00010499, 0.00006309, 0.00012645, 0.00012361, 0.00008308, 0.00007373, 0.00006740, 0.00017876, 0.00004890, 0.00018276, 0.00006301, 0.00010415, 0.00007377, 0.00002544, 0.00005332, 0.00007357, 0.00014347, 0.00010812, 0.00008624, 0.00010399, 0.00010467, 0.00010254, 0.00014498, 0.00010111, 0.00015439, 0.00007403, 0.00014270, 0.00009433, 0.00014738, 0.00008058, 0.00032402, 0.00017821, 0.00032800, 0.00018925, 0.00005914, 0.00015266, 0.00011338, 0.00007503, 0.00017288, 0.00030898
0.00006006, 0.00013582, 0.00009284, 0.00007277, 0.00008045, 0.00033729, 0.00000000, 0.00015281, 0.00008353, 0.00011208, 0.00009637, 0.00014364, 0.00016341, 0.00007584, 0.00012517, 0.00011832, 0.00008586, 0.00009986, 0.00006975, 0.00009268, 0.00025917, 0.00009672, 0.00003010, 0.00012852, 0.00016699, 0.00008138, 0.00006963, 0.00010107, 0.00003584, 0.00019307, 0.00010218, 0.00006123, 0.00005693, 0.00003630, 0.00008314, 0.00007853, 0.00011945, 0.00009288, 0.00004482, 0.00004669, 0.00009628, 0.00020445, 0.00005913, 0.00014024, 0.00016172, 0.00009390, 0.00016152, 0.00010717, 0.00009162, 0.00064226, 0.00016674, 0.00025663, 0.00005171, 0.00016207, 0.00015184, 0.00019648, 0.00006180, 0.00010503, 0.00011784, 0.00007277, 0.00009195, 0.00014414, 0.00003085, 0.00021331, 0.00005847, 0.00004677, 0.00027491, 0.00008657, 0.00015780, 0.00011927, 0.00015453, 0.00007479, 0.00015557, 0.00014844, 0.00013908, 0.00010164, 0.00014478, 0.00013109, 0.00019862, 0.00006268, 0.00014346, 0.00031210, 0.00006815, 0.00036075
0.00010974, 0.00014081, 0.00013853, 0.00020973, 0.00006818, 0.00011433, 0.00015281, 0.00000000, 0.00008118, 0.00012246, 0.00005958, 0.00014737, 0.00013052, 0.00010362, 0.00009260, 0.00032207, 0.00025904, 0.00007191, 0.00018407, 0.00008109, 0.00016951, 0.00009869, 0.00007943, 0.00006856, 0.00019316, 0.00006791, 0.00007843, 0.00004591, 0.00019503, 0.00007573, 0.00010901, 0.00012105, 0.00003370, 0.00008576, 0.00009409, 0.00006497, 0.00019794, 0.00005638, 0.00012060, 0.00014653, 0.00011632, 0.00005358, 0.00014082, 0.00007064, 0.00012821, 0.00011909, 0.00006316, 0.00015032, 0.00011014, 0.00006269, 0.00010270, 0.00012548, 0.00015991, 0.00007536, 0.00011348, 0.00014503, 0.00005982, 0.00015486, 0.00007456, 0.00002307, 0.00015428, 0.00005754, 0.00007144, 0.00008040, 0.00009368, 0.00009956, 0.00020462, 0.00007973, 0.00018074, 0.00005555, 0.00011105, 0.00005103, 0.00018196, 0.00003907, 0.00006145, 0.00010147, 0.00020769, 0.00011369, 0.00055160, 0.00011652, 0.00018257, 0.00013207, 0.00023641, 0.00006556
0.00002996, 0.00009973, 0.00010027, 0.00003076, 0.00006088, 0.00031476, 0.00008353, 0.00008118, 0.00000000, 0.00024058, 0.00011923, 0.00011288, 0.00007762, 0.00009632, 0.00014211, 0.00011605, 0.00009459, 0.00009740, 0.00008832, 0.00007580, 0.00010956, 0.00004416, 0.00046740, 0.00010463, 0.00009171, 0.00003422, 0.00008271, 0.00020975, 0.00008121, 0.00009799, 0.00018806, 0.00006470, 0.00008088, 0.00006183, 0.00005511, 0.00004712, 0.00008977, 0.00011976, 0.00004937, 0.00005033, 0.00007369, 0.00011632, 0.00010072, 0.00008736, 0.00002850, 0.00008593, 0.00009549, 0.00003887, 0.00009345, 0.00011970, 0.00010887, 0.00010682, 0.00009540, 0.00007389, 0.00014871, 0.00006613, 0.00005710, 0.00011466, 0.00010252, 0.00013444, 0.00010270, 0.00008079, 0.00010705, 0.00007594, 0.00055263, 0.00009853, 0.00019392, 0.00017337, 0.00016293, 0.00019977, 0.00006916, 0.00017417, 0.00017281, 0.00063069, 0.00009174, 0.00010242, 0.00006157, 0.00020805, 0.00004607, 0.00011071, 0.00005693, 0.00014088, 0.00032784, 0.00002234
0.00014366, 0.00011237, 0.00014507, 0.00007682, 0.00009644, 0.00013369, 0.00011208, 0.00012246, 0.00024058, 0.00000000, 0.00005376, 0.00011885, 0.00013541, 0.00018655, 0.00009163, 0.00011750, 0.00018445, 0.00016028, 0.00006652, 0.00012314, 0.00026027, 0.00005176, 0.00008226, 0.00017894, 0.00003758, 0.00009300, 0.00014762, 0.00006812, 0.00008780, 0.00009809, 0.00013032, 0.00010398, 0.00013700, 0.00008758, 0.00006528, 0.00009032, 0.00008763, 0.00008040, 0.00011119, 0.00004678, 0.00008191, 0.00026679, 0.00004445, 0.00013049, 0.00012826, 0.00020766, 0.00016564, 0.00021659, 0.00042752, 0.00008177, 0.00010191, 0.00008921, 0.00017945, 0.00008303, 0.00004916, 0.00010384, 0.00010318, 0.00008768, 0.00007867, 0.00008745, 0.00011809, 0.00008504, 0.00034492, 0.00006116, 0.00014490, 0.00015078, 0.00013351, 0.00006146, 0.00014011, 0.00019110, 0.00015869, 0.00005532, 0.00013458, 0.00015544, 0.00007036, 0.00023952, 0.00024091, 0.00009447, 0.00008492, 0.00024822, 0.00010169, 0.00017771, 0.00005557, 0.00014352
0.00012291, 0.00009828, 0.00004694, 0.00010397, 0.00008731, 0.00017010, 0.00009637, 0.00005958, 0.00011923, 0.00005376, 0.00000000, 0.00007343, 0.00007168, 0.00008388, 0.00005246, 0.00010802, 0.00003884, 0.00010199, 0.00014954, 0.00013522, 0.00014480, 0.00010798, 0.00008361, 0.00012137, 0.00007391, 0.00006196, 0.00007117, 0.00007998, 0.00008885, 0.00006505, 0.00009037, 0.00008749, 0.00008568, 0.00010600, 0.00004740, 0.00006403, 0.00008854, 0.00004176, 0.00008153, 0.00005661, 0.00014446, 0.00009675, 0.00012164, 0.00009701, 0.00007362, 0.00008049, 0.00010170, 0.00009866, 0.00016064, 0.00032012, 0.00015920, 0.00014652, 0.00013361, 0.00006445, 0.00009491, 0.00005360, 0.00011832, 0.00007535, 0.00004332, 0.00009257, 0.00002920, 0.00010533, 0.00018358, 0.00010523, 0.00008388, 0.00010866, 0.00003871, 0.00014434, 0.00049012, 0.00013258, 0.00013508, 0.00015840, 0.00006793, 0.00009210, 0.00016260, 0.00006440, 0.00004056, 0.00014435, 0.00010435, 0.00029281, 0.00006193, 0.00016292, 0.00017501, 0.00015566
0.00009882, 0.00029559, 0.00016032, 0.00008776, 0.00008238, 0.00008383, 0.00014364, 0.00014737, 0.00011288, 0.00011885, 0.00007343, 0.00000000, 0.00021767, 0.00020650, 0.00003651, 0.00013398, 0.00012512, 0.00009338, 0.00008769, 0.00011086, 0.00009770, 0.00006684, 0.00006695, 0.00017639, 0.00005574, 0.00010342, 0.00014436, 0.00013684, 0.00008488, 0.00006168, 0.00004325, 0.00008772, 0.00011067, 0.00010229, 0.00012386, 0.00013118, 0.00008550, 0.00003159, 0.00007478, 0.00007647, 0.00005929, 0.00003588, 0.00014916, 0.00009884, 0.00009156, 0.00010315, 0.00017920, 0.00013861, 0.00007599, 0.00004417, 0.00015788, 0.00010380, 0.00004619, 0.00031494, 0.00017458, 0.00016551, 0.00007523, 0.00012001, 0.00008204, 0.00007206, 0.00017577, 0.00005298, 0.00002720, 0.00015380, 0.00007736, 0.00007253, 0.00008203, 0.00008598, 0.00011539, 0.00044107, 0.00024761, 0.00012064, 0.00014465, 0.00008470, 0.00017150, 0.00016432, 0.00013195, 0.00007285, 0.00007320, 0.00016025, 0.00024831, 0.00013245, 0.00026701, 0.00022752
0.00019394, 0.00009655, 0.00012941, 0.00019756, 0.00006558, 0.00018824, 0.00016341, 0.00013052, 0.00007762, 0.00013541, 0.00007168, 0.00021767, 0.00000000, 0.00009849, 0.00007330, 0.00020864, 0.00009784, 0.00009878, 0.00005715, 0.00010541, 0.00009438, 0.00006178, 0.00007430, 0.00009408, 0.00014419, 0.00007409, 0.00013421, 0.00041700, 0.00006792, 0.00006338, 0.00005349, 0.00006116, 0.00015137, 0.00014222, 0.00007658, 0.00009691, 0.00014248, 0.00020781, 0.00009784, 0.00008719, 0.00003266, 0.00008974, 0.00019662, 0.00006502, 0.00008226, 0.00001675, 0.00008319, 0.00006619, 0.00012153, 0.00013120, 0.00011716, 0.00027780, 0.00010797, 0.00006557, 0.00006780, 0.00006112, 0.00014043, 0.00014002, 0.00009525, 0.00066529, 0.00005507, 0.00006902, 0.00014519, 0.00012131, 0.00009806, 0.00006325, 0.00011265, 0.00013656, 0.00007409, 0.00019831, 0.00009942, 0.00024344, 0.00005842, 0.00007991, 0.00007289, 0.00016068, 0.00004587, 0.00007289, 0.00019945, 0.00007555, 0.00010622, 0.00003561, 0.00013997, 0.00005529
0.00007537, 0.00019309, 0.00007694, 0.00012799, 0.00006023, 0.00030433, 0.00007584, 0.00010362, 0.00009632, 0.00018655, 0.00008388, 0.00020650, 0.00009849, 0.00000000, 0.00017078, 0.00012085, 0.00022435, 0.00018426, 0.00014177, 0.00009568, 0.00012541, 0.00003112, 0.00009749, 0.00012004, 0.00004910, 0.00009574, 0.00005307, 0.00011423, 0.00010501, 0.00010574, 0.00011401, 0.00007144, 0.00007035, 0.00012607, 0.00017374, 0.00005378, 0.00010502, 0.00017521, 0.00006362, 0.00012112, 0.00008194, 0.00006548, 0.00011423, 0.00015006, 0.00010212, 0.00008591, 0.00023150, 0.00009673, 0.00011793, 0.00014537, 0.00014186, 0.00010633, 0.00008927, 0.00017950, 0.00004243, 0.00011821, 0.00013813, 0.00007394, 0.00006114, 0.00005716, 0.00013925, 0.00013386, 0.00016748, 0.00007222, 0.00009744, 0.00006674, 0.00011262, 0.00012034, 0.00006853, 0.00020565, 0.00011548, 0.00029894, 0.00011596, 0.00053016, 0.00008166, 0.00010062, 0.00012258, 0.00008207, 0.00007964, 0.00013115, 0.00011612, 0.00005725, 0.00014958, 0.00009182
0.00006712, 0.00005671, 0.00021168, 0.00007524, 0.00012678, 0.00016164, 0.00012517, 0.00009260, 0.00014211, 0.00009163, 0.00005246, 0.00003651, 0.00007330, 0.00017078, 0.00000000, 0.00009615, 0.00008984, 0.00009652, 0.00029521, 0.00007034, 0.00005878, 0.00020917, 0.00010602, 0.00007574, 0.00008889, 0.00018554, 0.00004004, 0.00016400, 0.00002659, 0.00020989, 0.00008216, 0.00008766, 0.00004089, 0.00009267, 0.00007747, 0.00013926, 0.00010055, 0.00002657, 0.00003697, 0.00010513, 0.00012137, 0.00010446, 0.00013561, 0.00019043, 0.00011156, 0.00014471, 0.00006572, 0.00011918, 0.00017085, 0.00008651, 0.00010271, 0.00024029, 0.00009380, 0.00006514, 0.00007110, 0.00025163, 0.00014859, 0.00004619, 0.00014751, 0.00022750, 0.00006175, 0.00007179, 0.00015616, 0.00012736, 0.00018968, 0.00013488, 0.00003803, 0.00016906, 0.00010750, 0.00014643, 0.00035237, 0.00007356, 0.00004742, 0.00009863, 0.00011939, 0.00013631, 0.00014034, 0.00010711, 0.00017788, 0.00004969, 0.00005944, 0.00023281, 0.00014585, 0.00008072
0.00017688, 0.00013278, 0.00011833, 0.00015218, 0.00005551, 0.00006772, 0.00011832, 0.00032207, 0.00011605, 0.00011750, 0.00010802, 0.00013398, 0.00020864, 0.00012085, 0.00009615, 0.00000000, 0.00005711, 0.00020020, 0.00015115, 0.00009033, 0.00004085, 0.00005907, 0.00015937, 0.00010023, 0.00006049, 0.00003729, 0.00009620, 0.00014535, 0.00009960, 0.00010669, 0.00006672, 0.00004787, 0.00007950, 0.00007152, 0.00006911, 0.00014636, 0.00006676, 0.00008021, 0.00001004, 0.00003324, 0.00006706, 0.00004847, 0.00010944, 0.00004806, 0.00009199, 0.00008104, 0.00012221, 0.00008415, 0.00007407, 0.00026700, 0.00016136, 0.00006692, 0.00018901, 0.00004681, 0.00012857, 0.00016129, 0.00011577, 0.00010218, 0.00007357, 0.00012266, 0.00002958, 0.00016198, 0.00026379, 0.00021753, 0.00007408, 0.00015044, 0.00005828, 0.00006980, 0.00019983, 0.00006050, 0.00004459, 0.00007093, 0.00016809, 0.00013998, 0.00007128, 0.00015300, 0.00021162, 0.00009288, 0.00023918, 0.00006196, 0.00010003, 0.00008561, 0.00018070, 0.00008917
0.00019843, 0.00011855, 0.00004134, 0.00012014, 0.00005326, 0.00007003, 0.00008586, 0.00025904, 0.00009459, 0.00018445, 0.00003884, 0.00012512, 0.00009784, 0.00022435, 0.00008984, 0.00005711, 0.00000000, 0.00004904, 0.00008217, 0.00011276, 0.00008146, 0.00010708, 0.00008335, 0.00004243, 0.00003544, 0.00017361, 0.00008102, 0.00009402, 0.00008560, 0.00005702, 0.00011836, 0.00008086, 0.00028709, 0.00007482, 0.00008212, 0.00022092, 0.00011501, 0.00009904, 0.00009767, 0.00004072, 0.00003460, 0.00012023, 0.00007640, 0.00009797, 0.00006810, 0.00005286, 0.00016654, 0.00006664, 0.00010563, 0.00003985, 0.00009594, 0.00012877, 0.00006744, 0.00008902, 0.00013884, 0.00004354, 0.00006548, 0.00012346, 0.00009464, 0.00014273, 0.00004075, 0.00013069, 0.00007719, 0.00012294, 0.00009984, 0.00005620, 0.00015742, 0.00007198, 0.00005816, 0.00025505, 0.00012487, 0.00011088, 0.00018811, 0.00039519, 0.00005623, 0.00007007, 0.00010389, 0.00006559, 0.00015334, 0.00009773, 0.00009908, 0.00002403, 0.00004893, 0.00006880
0.00012279, 0.00006854, 0.00004092, 0.00015818, 0.00012221, 0.00010769, 0.00009986, 0.00007191, 0.00009740, 0.00016028, 0.00010199, 0.00009338, 0.00009878, 0.00018426, 0.00009652, 0.00020020, 0.00004904, 0.00000000, 0.00012357, 0.00004857, 0.00013190, 0.00022257, 0.00015160, 0.00006844, 0.00011850, 0.00002100, 0.00005345, 0.00005227, 0.00005186, 0.00009347, 0.00004794, 0.00005125, 0.00010549, 0.00012114, 0.00006409, 0.00004821, 0.00009288, 0.00007659, 0.00007494, 0.00007892, 0.00008503, 0.00006706, 0.00003811, 0.00014424, 0.00007276, 0.00007155, 0.00030180, 0.00004714, 0.00016480, 0.00008540, 0.00011586, 0.00004964, 0.00012070, 0.00004014, 0.00011099, 0.00011456, 0.00008719, 0.00004360, 0.00009930, 0.00008443, 0.00003705, 0.00015035, 0.00003646, 0.00011339, 0.00014015, 0.00021369, 0.00013106, 0.00009390, 0.00008080, 0.00015658, 0.00012024, 0.00014480, 0.00020892, 0.00017138, 0.00017225, 0.00021945, 0.00005548, 0.00021485, 0.00006454, 0.00011593, 0.00020100, 0.00010434, 0.00008552, 0.00009202
0.00006901, 0.00020904, 0.00004293, 0.00011684, 0.00007519, 0.00009192, 0.00006975, 0.00018407, 0.00008832, 0.00006652, 0.00014954, 0.00008769, 0.00005715, 0.00014177, 0.00029521, 0.00015115, 0.00008217, 0.00012357, 0.00000000, 0.00007358, 0.00011979, 0.00007608, 0.00011178, 0.00011401, 0.00008933, 0.00010002, 0.00004226, 0.00009502, 0.00006539, 0.00004859, 0.00009242, 0.00013640, 0.00003580, 0.00014104, 0.00009225, 0.00015287, 0.00007052, 0.00009547, 0.00007065, 0.00012247, 0.00006519, 0.00012911, 0.00012006, 0.00006551, 0.00008220, 0.00008752, 0.00006634, 0.00017462, 0.00036349, 0.00007463, 0.00004810, 0.00008815, 0.00009446, 0.00005675, 0.00022016, 0.00004144, 0.00008189, 0.00013379, 0.00021557, 0.00003003, 0.00006061, 0.00008009, 0.00013471, 0.00039219, 0.00019143, 0.00006202, 0.00012959, 0.00034529, 0.00008728, 0.00013722, 0.00017280, 0.00015032, 0.00010887, 0.00021377, 0.00010425, 0.00007586, 0.00011591, 0.00020342, 0.00007832, 0.00010247, 0.00023033, 0.00016161, 0.00012325, 0.00007249
0.00011895, 0.00018241, 0.00008182, 0.00006813, 0.00006039, 0.00011496, 0.00009268, 0.00008109, 0.00007580, 0.00012314, 0.00013522, 0.00011086, 0.00010541, 0.00009568, 0.00007034, 0.00009033, 0.00011276, 0.00004857, 0.00007358, 0.00000000, 0.00019669, 0.00004774, 0.00007746, 0.00006999, 0.00013583, 0.00006524, 0.00015829, 0.00007377, 0.00006855, 0.00008585, 0.00018768, 0.00007381, 0.00004169, 0.00010183, 0.00007767, 0.00011278, 0.00031847, 0.00017801, 0.00010083, 0.00010217, 0.00007689, 0.00012131, 0.00008355, 0.00010890, 0.00004721, 0.00007232, 0.00010215, 0.00015822, 0.00009791, 0.00012001, 0.00009142, 0.00012025, 0.00012149, 0.00007750, 0.00014331, 0.00009138, 0.00003380, 0.00007253, 0.00008141, 0.00014377, 0.00004927, 0.00012233, 0.00020942, 0.00024248, 0.00018720, 0.00003688, 0.00017493, 0.00021833, 0.00026156, 0.00014839, 0.00008699, 0.00033454, 0.00028548, 0.00066531, 0.00003758, 0.00005181, 0.00013307, 0.00007305, 0.00054285, 0.00006326, 0.00004459, 0.00022137, 0.00006195, 0.00028030
0.00009613, 0.00007876, 0.00005498, 0.00004726, 0.00015705, 0.00015581, 0.00025917, 0.00016951, 0.00010956, 0.00026027, 0.00014480, 0.00009770, 0.00009438, 0.00012541, 0.00005878, 0.00004085, 0.00008146, 0.00013190, 0.00011979, 0.00019669, 0.00000000, 0.00012582, 0.00003584, 0.00001630, 0.00008493, 0.00007371, 0.00012714, 0.00006668, 0.00014643, 0.00005504, 0.00009892, 0.00023444, 0.00007649, 0.00016952, 0.00003750, 0.00014328, 0.00003251, 0.00018404, 0.00011326, 0.00005488, 0.00004325, 0.00004186, 0.00008842, 0.00016390, 0.00019614, 0.00006736, 0.00002439, 0.00006181, 0.00012899, 0.00009125, 0.00008899, 0.00019006, 0.00021089, 0.00005529, 0.00007077, 0.00007156, 0.00015311, 0.00006608, 0.00007983, 0.00012241, 0.00013036, 0.00015470, 0.00010834, 0.00005323, 0.00010355, 0.00010243, 0.00010956, 0.00005871, 0.00007725, 0.00019105, 0.00028554, 0.00007957, 0.00012318, 0.00007996, 0.00012833, 0.00009568, 0.00015738, 0.00011094, 0.00007843, 0.00007213, 0.00011675, 0.00020667, 0.00007914, 0.00006410
0.00008492, 0.00006358, 0.00010487, 0.00008299, 0.00005891, 0.00010310, 0.00009672, 0.00009869, 0.00004416, 0.00005176, 0.00010798, 0.00006684, 0.00006178, 0.00003112, 0.00020917, 0.00005907, 0.00010708, 0.00022257, 0.00007608, 0.00004774, 0.00012582, 0.00000000, 0.00005779, 0.00014883, 0.00003181, 0.00005601, 0.00006781, 0.00010367, 0.00029887, 0.00007330, 0.00035274, 0.00012598, 0.00010253, 0.00011420, 0.00023129, 0.00012995, 0.00004097, 0.00012877, 0.00014615, 0.00007633, 0.00017405, 0.00009497, 0.00005057, 0.00008336, 0.00014961, 0.00022206, 0.00005537, 0.00009382, 0.00009209, 0.00005691, 0.00006059, 0.00006293, 0.00011292, 0.00007568, 0.00030245, 0.00006493, 0.00023779, 0.00004001, 0.00012414, 0.00005931, 0.00016734, 0.00008905, 0.00008096, 0.00018347, 0.00016367, 0.00009193, 0.00018352, 0.00021189, 0.00012511, 0.00025152, 0.00009847, 0.00004348, 0.00020138, 0.00006598, 0.00029071, 0.00013486, 0.00025212, 0.00007715, 0.00024474, 0.00023633, 0.00009243, 0.00016382, 0.00006781, 0.00010061
0.00009333, 0.00006800, 0.00004888, 0.00004823, 0.00010909, 0.00006213, 0.00003010, 0.00007943, 0.00046740, 0.00008226, 0.00008361, 0.00006695, 0.00007430, 0.00009749, 0.00010602, 0.00015937, 0.00008335, 0.00015160, 0.00011178, 0.00007746, 0.00003584, 0.00005779, 0.00000000, 0.00047255, 0.00009630, 0.00003694, 0.00023057, 0.00040030, 0.00037654, 0.00012410, 0.00009938, 0.00011071, 0.00009664, 0.00038909, 0.00022535, 0.00007761, 0.00011854, 0.00009673, 0.00007159, 0.00018240, 0.00008682, 0.00022475, 0.00005678, 0.00020272, 0.00004359, 0.00007397, 0.00008818, 0.00012496, 0.00011082, 0.00009872, 0.00005125, 0.00006559, 0.00005938, 0.00005154, 0.00006756, 0.00036897, 0.00002216, 0.00015033, 0.00006251, 0.00010849, 0.00016278, 0.00003510, 0.00292010, 0.00005243, 0.00006117, 0.00010633, 0.00009343, 0.00007893, 0.00014220, 0.00019133, 0.00005576, 0.00006960, 0.00007116, 0.00007628, 0.00024009, 0.00009165, 0.00030547, 0.00012626, 0.00016058, 0.00012300, 0.00034629, 0.00022927, 0.00037558, 0.00009949
0.00010188, 0.00015599, 0.00008612, 0.00008055, 0.00009382, 0.00031723, 0.00012852, 0.00006856, 0.00010463, 0.00017894, 0.00012137, 0.00017639, 0.00009408, 0.00012004, 0.00007574, 0.00010023, 0.00004243, 0.00006844, 0.00011401, 0.00006999, 0.00001630, 0.00014883, 0.00047255, 0.00000000, 0.00008503, 0.00009046, 0.00003943, 0.00006303, 0.00006554, 0.00007323, 0.00016388, 0.00012228, 0.00009373, 0.00018253, 0.00009052, 0.00023785, 0.00017164, 0.00011126, 0.00026064, 0.00005943, 0.00015678, 0.00008375, 0.00011500, 0.00005426, 0.00004439, 0.00003158, 0.00005799, 0.00008082, 0.00022728, 0.00009011, 0.00012386, 0.00011978, 0.00007224, 0.00016643, 0.00010966, 0.00003980, 0.00032703, 0.00002992, 0.00007457, 0.00009938, 0.00012978, 0.00008620, 0.00009867, 0.00015271, 0.00012644, 0.00003534, 0.00005662, 0.00029453, 0.00005846, 0.00014908, 0.00018652, 0.00012434, 0.00011884, 0.00009716, 0.00007962, 0.00010894, 0.00006190, 0.00006000, 0.00016933, 0.00016682, 0.00012182, 0.00020694, 0.00005595, 0.00020436
0.00021126, 0.00022622, 0.00013047, 0.00016648, 0.00009211, 0.00007917, 0.00016699, 0.00019316, 0.00009171, 0.00003758, 0.00007391, 0.00005574, 0.00014419, 0.00004910, 0.00008889, 0.00006049, 0.00003544, 0.00011850, 0.00008933, 0.00013583, 0.00008493, 0.00003181, 0.00009630, 0.00008503, 0.00000000, 0.00014532, 0.00007823, 0.00011544, 0.00005265, 0.00012117, 0.00027870, 0.00005287, 0.00014281, 0.00010635, 0.00015595, 0.00015642, 0.00013964, 0.00014453, 0.00004569, 0.00019572, 0.00011764, 0.00017535, 0.00009693, 0.00004409, 0.00009732, 0.00003884, 0.00009913, 0.00005868, 0.00009544, 0.00014209, 0.00002968, 0.00015812, 0.00016758, 0.00014251, 0.00007896, 0.00005028, 0.00014453, 0.00008979, 0.00009349, 0.00002488, 0.00010300, 0.00003664, 0.00007542, 0.00018039, 0.00015269, 0.00009122, 0.00011006, 0.00020913, 0.00006751, 0.00005223, 0.00008135, 0.00017564, 0.00007666, 0.00009877, 0.00020476, 0.00023269, 0.00006814, 0.00008173, 0.00010904, 0.00009647, 0.00009905, 0.00010485, 0.00013255, 0.00013283
0.00003567, 0.00004375, 0.00005376, 0.00019360, 0.00007130, 0.00007938, 0.00008138, 0.00006791, 0.00003422, 0.00009300, 0.00006196, 0.00010342, 0.00007409, 0.00009574, 0.00018554, 0.00003729, 0.00017361, 0.00002100, 0.00010002, 0.00006524, 0.00007371, 0.00005601, 0.00003694, 0.00009046, 0.00014532, 0.00000000, 0.00010802, 0.00007367, 0.00036547, 0.00016915, 0.00003760, 0.00009690, 0.00023345, 0.00008630, 0.00017006, 0.00022126, 0.00003999, 0.00003796, 0.00020594, 0.00005506, 0.00007772, 0.00021031, 0.00006952, 0.00011474, 0.00004862, 0.00021049, 0.00006888, 0.00004802, 0.00009588, 0.00010655, 0.00018662, 0.00010916, 0.00002667, 0.00013208, 0.00005098, 0.00015469, 0.00004174, 0.00023738, 0.00009025, 0.00007179, 0.00014821, 0.00080012, 0.00008684, 0.00023454, 0.00023719, 0.00005130, 0.00004967, 0.00028587, 0.00020115, 0.00019302, 0.00033595, 0.00011329, 0.00011582, 0.00012626, 0.00024014, 0.00017063, 0.00014978, 0.00016193, 0.00012143, 0.00008331, 0.00022532, 0.00026917, 0.00008564, 0.00023454
0.00005553, 0.00009175, 0.00009602, 0.00006405, 0.00007285, 0.00011359, 0.00006963, 0.00007843, 0.00008271, 0.00014762, 0.00007117, 0.00014436, 0.00013421, 0.00005307, 0.00004004, 0.00009620, 0.00008102, 0.00005345, 0.00004226, 0.00015829, 0.00012714, 0.00006781, 0.00023057, 0.00003943, 0.00007823, 0.00010802, 0.00000000, 0.00009719, 0.00011562, 0.00023161, 0.00009464, 0.00014015, 0.00011229, 0.00023990, 0.00019627, 0.00013409, 0.00003320, 0.00010595, 0.00004445, 0.00009896, 0.00027449, 0.00011992, 0.00015749, 0.00008871, 0.00009251, 0.00007531, 0.00029301, 0.00008926, 0.00008579, 0.00018483, 0.00043610, 0.00015624, 0.00005796, 0.00006450, 0.00007326, 0.00018279, 0.00007154, 0.00011439, 0.00011093, 0.00009136, 0.00005794, 0.00008948, 0.00006577, 0.00011440, 0.00018330, 0.00020318, 0.00014789, 0.00007631, 0.00010314, 0.00007851, 0.00010041, 0.00031201, 0.00013389, 0.00010041, 0.00009602, 0.00023914, 0.00024915, 0.00007500, 0.00009465, 0.00025661, 0.00012107, 0.00007748, 0.00019461, 0.00020419
0.00005105, 0.00013602, 0.00007507, 0.00015523, 0.00007176, 0.00005267, 0.00010107, 0.00004591, 0.00020975, 0.00006812, 0.00007998, 0.00013684, 0.00041700, 0.00011423, 0.00016400, 0.00014535, 0.00009402, 0.00005227, 0.00009502, 0.00007377, 0.00006668, 0.00010367, 0.00040030, 0.00006303, 0.00011544, 0.00007367, 0.00009719, 0.00000000, 0.00014582, 0.00015617, 0.00005339, 0.00012073, 0.00026629, 0.00013887, 0.00019510, 0.00003781, 0.00002627, 0.00009980, 0.00007192, 0.00006801, 0.00008390, 0.00007838, 0.00010396, 0.00018944, 0.00007831, 0.00005669, 0.00021627, 0.00004604, 0.00005146, 0.00020512, 0.00013474, 0.00017947, 0.00011767, 0.00006851, 0.00012229, 0.00013162, 0.00012496, 0.00002089, 0.00011033, 0.00011738, 0.00009827, 0.00020184, 0.00006581, 0.00012678, 0.00004583, 0.00012651, 0.00018860, 0.00055380, 0.00007363, 0.00008295, 0.00008247, 0.00008900, 0.00006323, 0.00008722, 0.00006872, 0.00013720, 0.00027361, 0.00020585, 0.00009009, 0.00006353, 0.00017898, 0.00015599, 0.00027196, 0.00024702
0.00010790, 0.00037605, 0.00004245, 0.00006151, 0.00004056, 0.00015401, 0.00003584, 0.00019503, 0.00008121, 0.00008780, 0.00008885, 0.00008488, 0.00006792, 0.00010501, 0.00002659, 0.00009960, 0.00008560, 0.00005186, 0.00006539, 0.00006855, 0.00014643, 0.00029887, 0.00037654, 0.00006554, 0.00005265, 0.00036547, 0.00011562, 0.00014582, 0.00000000, 0.00012932, 0.00028242, 0.00012000, 0.00014350, 0.00011453, 0.00011293, 0.00006009, 0.00016996, 0.00007811, 0.00013371, 0.00022384, 0.00048593, 0.00017773, 0.00008600, 0.00004798, 0.00006038, 0.00006858, 0.00004664, 0.00008863, 0.00012574, 0.00004199, 0.00013658, 0.00004002, 0.00004692, 0.00007509, 0.00012040, 0.00002758, 0.00013037, 0.00008866, 0.00006018, 0.00006670, 0.00005327, 0.00009917, 0.00010756, 0.00011783, 0.00007937, 0.00010180, 0.00024440, 0.00010514, 0.00019921, 0.00019576, 0.00009678, 0.00016482, 0.00003314, 0.00010723, 0.00015600, 0.00011048, 0.00020227, 0.00003669, 0.00004136, 0.00012507, 0.00025760, 0.00009078, 0.00012798, 0.00009505
0.00025863, 0.00005754, 0.00011010, 0.00009866, 0.00008883, 0.00004251, 0.00019307, 0.00007573, 0.00009799, 0.00009809, 0.00006505, 0.00006168, 0.00006338, 0.00010574, 0.00020989, 0.00010669, 0.00005702, 0.00009347, 0.00004859, 0.00008585, 0.00005504, 0.00007330, 0.00012410, 0.00007323, 0.00012117, 0.00016915, 0.00023161, 0.00015617, 0.00012932, 0.00000000, 0.00028411, 0.00015618, 0.00011602, 0.00028609, 0.00008497, 0.00010912, 0.00026407, 0.00010349, 0.00013489, 0.00007055, 0.00015888, 0.00021823, 0.00008709, 0.00010244, 0.00014076, 0.00011438, 0.00015401, 0.00003400, 0.00008146, 0.00002284, 0.00014686, 0.00002902, 0.00007061, 0.00011435, 0.00007556, 0.00009175, 0.00010056, 0.00015395, 0.00008654, 0.00005219, 0.00006342, 0.00006443, 0.00016829, 0.00009424, 0.00010916, 0.00004158, 0.00006220, 0.00010405, 0.00012740, 0.00009298, 0.00009602, 0.00007647, 0.00013831, 0.00009331, 0.00062564, 0.00008193, 0.00015282, 0.00003757, 0.00007434, 0.00016919, 0.00007430, 0.00017436, 0.00005791, 0.00013706
0.00013421, 0.00007472, 0.00003115, 0.00005718, 0.00004675, 0.00006804, 0.00010218, 0.00010901, 0.00018806, 0.00013032, 0.00009037, 0.00004325, 0.00005349, 0.00011401, 0.00008216, 0.00006672, 0.00011836, 0.00004794, 0.00009242, 0.00018768, 0.00009892, 0.00035274, 0.00009938, 0.00016388, 0.00027870, 0.00003760, 0.00009464, 0.00005339, 0.00028242, 0.00028411, 0.00000000, 0.00008187, 0.00013124, 0.00018357, 0.00012483, 0.00012022, 0.00018452, 0.00010006, 0.00017357, 0.00008137, 0.00012989, 0.00010642, 0.00003323, 0.00013107, 0.00002674, 0.00010159, 0.00022388, 0.00017103, 0.00009323, 0.00018831, 0.00005501, 0.00014225, 0.00003604, 0.00006851, 0.00024629, 0.00018872, 0.00004560, 0.00010548, 0.00006551, 0.00022510, 0.00021709, 0.00011595, 0.00016638, 0.00015999, 0.00023218, 0.00010584, 0.00019203, 0.00014919, 0.00012181, 0.00026797, 0.00013854, 0.00019124, 0.00030836, 0.00006416, 0.00034134, 0.00017529, 0.00015691, 0.00008065, 0.00006106, 0.00021830, 0.00016338, 0.00038356, 0.00014118, 0.00014876
0.00003352, 0.00011963, 0.00009736, 0.00011500, 0.00006864, 0.00036648, 0.00006123, 0.00012105, 0.00006470, 0.00010398, 0.00008749, 0.00008772, 0.00006116, 0.00007144, 0.00008766, 0.00004787, 0.00008086, 0.00005125, 0.00013640, 0.00007381, 0.00023444, 0.00012598, 0.00011071, 0.00012228, 0.00005287, 0.00009690, 0.00014015, 0.00012073, 0.00012000, 0.00015618, 0.00008187, 0.00000000, 0.00005471, 0.00016403, 0.00011853, 0.00007201, 0.00008987, 0.00027381, 0.00012846, 0.00013245, 0.00012785, 0.00013454, 0.00030639, 0.00007042, 0.00007756, 0.00011186, 0.00006096, 0.00008219, 0.00010982, 0.00007400, 0.00016064, 0.00040675, 0.00004872, 0.00005869, 0.00006777, 0.00005067, 0.00016048, 0.00011908, 0.00014196, 0.00008824, 0.00007665, 0.00007923, 0.00001457, 0.00010157, 0.00014462, 0.00018874, 0.00009223, 0.00007167, 0.00010338, 0.00008776, 0.00004176, 0.00009901, 0.00014721, 0.00021012, 0.00009394, 0.00014603, 0.00021194, 0.00007914, 0.00008670, 0.00013551, 0.00012846, 0.00008411, 0.00026120, 0.00001973
0.00012573, 0.00007006, 0.00015621, 0.00010697, 0.00005809, 0.00012675, 0.00005693, 0.00003370, 0.00008088, 0.00013700, 0.00008568, 0.00011067, 0.00015137, 0.00007035, 0.00004089, 0.00007950, 0.00028709, 0.00010549, 0.00003580, 0.00004169, 0.00007649, 0.00010253, 0.00009664, 0.00009373, 0.00014281, 0.00023345, 0.00011229, 0.00026629, 0.00014350, 0.00011602, 0.00013124, 0.00005471, 0.00000000, 0.00005293, 0.00021889, 0.00010073, 0.00016321, 0.00008711, 0.00009701, 0.00009640, 0.00013716, 0.00017200, 0.00009446, 0.00013896, 0.00004526, 0.00006993, 0.00014106, 0.00014470, 0.00009502, 0.00010571, 0.00019321, 0.00005373, 0.00013170, 0.00005413, 0.00008273, 0.00011926, 0.00010590, 0.00008468, 0.00007401, 0.00008539, 0.00009000, 0.00005676, 0.00010482, 0.00018612, 0.00010581, 0.00020384, 0.00011510, 0.00010359, 0.00017276, 0.00024244, 0.00048095, 0.00018519, 0.00023375, 0.00006250, 0.00003126, 0.00014069, 0.00032110, 0.00018682, 0.00015044, 0.00016877, 0.00016159, 0.00009456, 0.00006792, 0.00008849
0.00010321, 0.00009542, 0.00009981, 0.00003580, 0.00004126, 0.00001732, 0.00003630, 0.00008576, 0.00006183, 0.00008758, 0.00010600, 0.00010229, 0.00014222, 0.00012607, 0.00009267, 0.00007152, 0.00007482, 0.00012114, 0.00014104, 0.00010183, 0.00016952, 0.00011420, 0.00038909, 0.00018253, 0.00010635, 0.00008630, 0.00023990, 0.00013887, 0.00011453, 0.00028609, 0.00018357, 0.00016403, 0.00005293, 0.00000000, 0.00004659, 0.00009259, 0.00012657, 0.00030837, 0.00006798, 0.00019187, 0.00017512, 0.00037918, 0.00003100, 0.00004768, 0.00006759, 0.00008389, 0.00010405, 0.00015762, 0.00015054, 0.00002870, 0.00011833, 0.00025395, 0.00044629, 0.00007231, 0.00017424, 0.00003817, 0.00007027, 0.00018299, 0.00013562, 0.00012736, 0.00045404, 0.00005327, 0.00013717, 0.00018388, 0.00041307, 0.00008045, 0.00021019, 0.00012912, 0.00016458, 0.00008819, 0.00022994, 0.00009136, 0.00008581, 0.00014550, 0.00032536, 0.00017200, 0.00022654, 0.00010263, 0.00007320, 0.00024871, 0.00017058, 0.00012949, 0.00008694, 0.00016323
0.00007921, 0.00011735, 0.00007199, 0.00007857, 0.00005891, 0.00005805, 0.00008314, 0.00009409, 0.00005511, 0.00006528, 0.00004740, 0.00012386, 0.00007658, 0.00017374, 0.00007747, 0.00006911, 0.00008212, 0.00006409, 0.00009225, 0.00007767, 0.00003750, 0.00023129, 0.00022535, 0.00009052, 0.00015595, 0.00017006, 0.00019627, 0.00019510, 0.00011293, 0.00008497, 0.00012483, 0.00011853, 0.00021889, 0.00004659, 0.00000000, 0.00002115, 0.00017033, 0.00029009, 0.00005679, 0.00010820, 0.00004846, 0.00042435, 0.00001540, 0.00015470, 0.00010624, 0.00021121, 0.00008953, 0.00008959, 0.00008129, 0.00004977, 0.00011115, 0.00007028, 0.00003678, 0.00013050, 0.00016411, 0.00005014, 0.00011411, 0.00009608, 0.00008247, 0.00024530, 0.00007691, 0.00012984, 0.00007534, 0.00032323, 0.00016657, 0.00084877, 0.00011184, 0.00052217, 0.00011121, 0.00029558, 0.00011188, 0.00020691, 0.00010063, 0.00011411, 0.00017603, 0.00007819, 0.00012850, 0.00005994, 0.00006507, 0.00007012, 0.00005632, 0.00018896, 0.00005434, 0.00012204
0.00005721, 0.00008350, 0.00009749, 0.00005155, 0.00005171, 0.00011287, 0.00007853, 0.00006497, 0.00004712, 0.00009032, 0.00006403, 0.00013118, 0.00009691, 0.00005378, 0.00013926, 0.00014636, 0.00022092, 0.00004821, 0.00015287, 0.00011278, 0.00014328, 0.00012995, 0.00007761, 0.00023785, 0.00015642, 0.00022126, 0.00013409, 0.00003781, 0.00006009, 0.00010912, 0.00012022, 0.00007201, 0.00010073, 0.00009259, 0.00002115, 0.00000000, 0.00005865, 0.00005857, 0.00005697, 0.00016601, 0.00009380, 0.00025320, 0.00020268, 0.00010503, 0.00008930, 0.00007738, 0.00007221, 0.00002628, 0.00023126, 0.00015308, 0.00007161, 0.00027206, 0.00013199, 0.00015686, 0.00003435, 0.00019134, 0.00007362, 0.00006399, 0.00006996, 0.00004907, 0.00007233, 0.00007589, 0.00007233, 0.00010940, 0.00009549, 0.00010117, 0.00007074, 0.00008042, 0.00017453, 0.00010694, 0.00010208, 0.00004844, 0.00009346, 0.00006973, 0.00008272, 0.00009996, 0.00029178, 0.00009024, 0.00010426, 0.00005584, 0.00003787, 0.00020467, 0.00012722, 0.00020301
0.00022389, 0.00009550, 0.00006325, 0.00006027, 0.00006083, 0.00010324, 0.00011945, 0.00019794, 0.00008977, 0.00008763, 0.00008854, 0.00008550, 0.00014248, 0.00010502, 0.00010055, 0.00006676, 0.00011501, 0.00009288, 0.00007052, 0.00031847, 0.00003251, 0.00004097, 0.00011854, 0.00017164, 0.00013964, 0.00003999, 0.00003320, 0.00002627, 0.00016996, 0.00026407, 0.00018452, 0.00008987, 0.00016321, 0.00012657, 0.00017033, 0.00005865, 0.00000000, 0.00012611, 0.00005694, 0.00008489, 0.00009280, 0.00012021, 0.00006283, 0.00020601, 0.00006760, 0.00017870, 0.00002424, 0.00006731, 0.00007143, 0.00021453, 0.00002858, 0.00021349, 0.00012353, 0.00009329, 0.00006992, 0.00006052, 0.00008988, 0.00011412, 0.00014009, 0.00007770, 0.00016065, 0.00012415, 0.00011237, 0.00011332, 0.00022623, 0.00011064, 0.00015905, 0.00011824, 0.00012009, 0.00027704, 0.00024717, 0.00019056, 0.00014023, 0.00015508, 0.00008079, 0.00011392, 0.00010707, 0.00005891, 0.00019078, 0.00008538, 0.00021684, 0.00008397, 0.00005439, 0.00007231
0.00017862, 0.00013128, 0.00003418, 0.00010262, 0.00011381, 0.00007843, 0.00009288, 0.00005638, 0.00011976, 0.00008040, 0.00004176, 0.00003159, 0.00020781, 0.00017521, 0.00002657, 0.00008021, 0.00009904, 0.00007659, 0.00009547, 0.00017801, 0.00018404, 0.00012877, 0.00009673, 0.00011126, 0.00014453, 0.00003796, 0.00010595, 0.00009980, 0.00007811, 0.00010349, 0.00010006, 0.00027381, 0.00008711, 0.00030837, 0.00029009, 0.00005857, 0.00012611, 0.00000000, 0.00008226, 0.00009157, 0.00010665, 0.00011458, 0.00014267, 0.00012601, 0.00005317, 0.00007073, 0.00012717, 0.00005265, 0.00003341, 0.00016739, 0.00005000, 0.00008373, 0.00010828, 0.00017678, 0.00012049, 0.00006334, 0.00007228, 0.00007860, 0.00010166, 0.00003588, 0.00009566, 0.00009747, 0.00010382, 0.00012019, 0.00007437, 0.00013137, 0.00048161, 0.00017310, 0.00005512, 0.00012061, 0.00007458, 0.00008337, 0.00014050, 0.00004522, 0.00006521, 0.00014610, 0.00006422, 0.00010597, 0.00022980, 0.00005044, 0.00011570, 0.00019354, 0.00010216, 0.00012848
0.00005947, 0.00017090, 0.00012416, 0.00014994, 0.00005830, 0.00007888, 0.00004482, 0.00012060, 0.00004937, 0.00011119, 0.00008153, 0.00007478, 0.00009784, 0.00006362, 0.00003697, 0.00001004, 0.00009767, 0.00007494, 0.00007065, 0.00010083, 0.00011326, 0.00014615, 0.00007159, 0.00026064, 0.00004569, 0.00020594, 0.00004445, 0.00007192, 0.00013371, 0.00013489, 0.00017357, 0.00012846, 0.00009701, 0.00006798, 0.00005679, 0.00005697, 0.00005694, 0.00008226, 0.00000000, 0.00008756, 0.00012912, 0.00013655, 0.00010355, 0.00014981, 0.00014306, 0.00010075, 0.00011451, 0.00006100, 0.00016147, 0.00008826, 0.00007360, 0.00008431, 0.00009589, 0.00009799, 0.00007860, 0.00011489, 0.00007585, 0.00006200, 0.00007404, 0.00006823, 0.00020948, 0.00007210, 0.00010900, 0.00018304, 0.00034014, 0.00003637, 0.00028370, 0.00005749, 0.00017729, 0.00012359, 0.00010158, 0.00014792, 0.00019108, 0.00004317, 0.00012271, 0.00069075, 0.00004236, 0.00009609, 0.00014144, 0.00016276, 0.00008786, 0.00013076, 0.00021841, 0.00012874
