0.00000000, 0.00015110, 0.00006018, 0.00023843, 0.00002849, 0.00008819, 0.00070697, 0.00006960, 0.00029333, 0.00010918, 0.00005580, 0.00013984, 0.00004346, 0.00011326, 0.00009705, 0.00008720, 0.00015383, 0.00007885, 0.00004883, 0.00012242, 0.00008162, 0.00015395, 0.00006352, 0.00021035, 0.00016264, 0.00006744, 0.00003313, 0.00005971, 0.00009495, 0.00006428, 0.00007909, 0.00018927, 0.00024602, 0.00008709, 0.00013135, 0.00005786, 0.00030504, 0.00010881, 0.00012089, 0.00011671, 0.00006796, 0.00017319, 0.00014894, 0.00004916, 0.00006781, 0.00014210, 0.00011998, 0.00010784, 0.00015892, 0.00007803, 0.00006974, 0.00034245, 0.00007077, 0.00003782, 0.00005741, 0.00003683, 0.00016931, 0.00027462, 0.00020438, 0.00012764, 0.00007132, 0.00013731, 0.00023357, 0.00013140, 0.00003100, 0.00006812, 0.00009534, 0.00041689, 0.00010302, 0.00117254, 0.00008310, 0.00011859, 0.00046264, 0.00014098, 0.00006078, 0.00008680, 0.00007280, 0.00017913, 0.00009728, 0.00016664, 0.00008296, 0.00009635, 0.00011961, 0.00004907
0.00015110, 0.00000000, 0.00016965, 0.00003580, 0.00003814, 0.00006910, 0.00021270, 0.00021638, 0.00013462, 0.00006620, 0.00017194, 0.00007536, 0.00005452, 0.00004408, 0.00004029, 0.00015816, 0.00009130, 0.00020862, 0.00014268, 0.00004537, 0.00007438, 0.00007427, 0.00004643, 0.00028118, 0.00010630, 0.00005627, 0.00013928, 0.00007621, 0.00010391, 0.00013301, 0.00013037, 0.00009423, 0.00018471, 0.00010532, 0.00009558, 0.00021649, 0.00009923, 0.00086337, 0.00005764, 0.00003098, 0.00010629, 0.00023153, 0.00009414, 0.00003766, 0.00010338, 0.00015332, 0.00006641, 0.00010565, 0.00018113, 0.00011844, 0.00026012, 0.00005990, 0.00019700, 0.00007577, 0.00011161, 0.00011819, 0.00013240, 0.00010815, 0.00013433, 0.00004740, 0.00010280, 0.00011045, 0.00022498, 0.00007906, 0.00012497, 0.00016848, 0.00008451, 0.00013144, 0.00016746, 0.00006237, 0.00007124, 0.00006105, 0.00008310, 0.00002980, 0.00008353, 0.00006485, 0.00005930, 0.00013684, 0.00006509, 0.00025757, 0.00008413, 0.00008899, 0.00030513, 0.00006470
0.00006018, 0.00016965, 0.00000000, 0.00008230, 0.00010356, 0.00044645, 0.00014249, 0.00004426, 0.00005399, 0.00007299, 0.00015168, 0.00018288, 0.00014955, 0.00012970, 0.00005648, 0.00031186, 0.00012387, 0.00008527, 0.00006788, 0.00010327, 0.00010712, 0.00018733, 0.00005196, 0.00008449, 0.00010140, 0.00009856, 0.00015532, 0.00020173, 0.00002237, 0.00006675, 0.00004041, 0.00004288, 0.00010469, 0.00006488, 0.00014435, 0.00019140, 0.00012745, 0.00006212, 0.00003388, 0.00013379, 0.00005586, 0.00009430, 0.00009064, 0.00010727, 0.00006968, 0.00016818, 0.00019246, 0.00014117, 0.00009280, 0.00006026, 0.00003177, 0.00003246, 0.00026632, 0.00010826, 0.00006194, 0.00006038, 0.00007270, 0.00017271, 0.00011273, 0.00011042, 0.00020029, 0.00002982, 0.00021926, 0.00010570, 0.00013017, 0.00010954, 0.00008733, 0.00011541, 0.00009851, 0.00007066, 0.00007771, 0.00015104, 0.00005504, 0.00010234, 0.00008284, 0.00007602, 0.00006139, 0.00010926, 0.00015014, 0.00007711, 0.00019899, 0.00006903, 0.00006079, 0.00004941
0.00023843, 0.00003580, 0.00008230, 0.00000000, 0.00014889, 0.00007387, 0.00009038, 0.00013850, 0.00011502, 0.00006827, 0.00013768, 0.00014447, 0.00009967, 0.00009585, 0.00012718, 0.00017256, 0.00014712, 0.00006871, 0.00015287, 0.00007942, 0.00014854, 0.00006076, 0.00006247, 0.00006011, 0.00025281, 0.00005367, 0.00019048, 0.00013634, 0.00006214, 0.00008298, 0.00008974, 0.00007200, 0.00004786, 0.00017343, 0.00013435, 0.00011459, 0.00010492, 0.00018988, 0.00008566, 0.00004419, 0.00023462, 0.00006282, 0.00007009, 0.00010130, 0.00008130, 0.00030659, 0.00011353, 0.00097267, 0.00022049, 0.00003226, 0.00008041, 0.00010106, 0.00012974, 0.00004611, 0.00005048, 0.00009279, 0.00012353, 0.00004400, 0.00013502, 0.00013947, 0.00012782, 0.00014848, 0.00016496, 0.00030252, 0.00010124, 0.00019047, 0.00016197, 0.00014124, 0.00020328, 0.00005546, 0.00012012, 0.00010445, 0.00017017, 0.00015567, 0.00006231, 0.00020843, 0.00013912, 0.00015554, 0.00004615, 0.00010727, 0.00013714, 0.00006080, 0.00070794, 0.00004395
0.00002849, 0.00003814, 0.00010356, 0.00014889, 0.00000000, 0.00008092, 0.00024560, 0.00013264, 0.00007997, 0.00028310, 0.00019751, 0.00005002, 0.00004377, 0.00010105, 0.00007304, 0.00060403, 0.00008477, 0.00005164, 0.00009855, 0.00015473, 0.00011956, 0.00013862, 0.00011918, 0.00016674, 0.00008142, 0.00009741, 0.00005078, 0.00007517, 0.00007095, 0.00006716, 0.00004642, 0.00008611, 0.00003564, 0.00022458, 0.00046877, 0.00007563, 0.00006980, 0.00010306, 0.00009076, 0.00005424, 0.00011664, 0.00003979, 0.00008039, 0.00011254, 0.00007637, 0.00005975, 0.00010771, 0.00018958, 0.00017866, 0.00008838, 0.00009227, 0.00005655, 0.00014399, 0.00048520, 0.00024988, 0.00007102, 0.00008387, 0.00008849, 0.00007924, 0.00007608, 0.00007727, 0.00018082, 0.00006018, 0.00009822, 0.00004397, 0.00007932, 0.00007758, 0.00020206, 0.00038312, 0.00015464, 0.00010926, 0.00005691, 0.00005519, 0.00222367, 0.00006380, 0.00006426, 0.00078506, 0.00006670, 0.00010455, 0.00021434, 0.00011705, 0.00014253, 0.00005033, 0.00005825
0.00008819, 0.00006910, 0.00044645, 0.00007387, 0.00008092, 0.00000000, 0.00010378, 0.00008159, 0.00006965, 0.00002783, 0.00051683, 0.00011787, 0.00003397, 0.00011653, 0.00009264, 0.00007957, 0.00003457, 0.00006754, 0.00004490, 0.00008674, 0.00008191, 0.00006855, 0.00011783, 0.00021438, 0.00007750, 0.00008314, 0.00008762, 0.00007016, 0.00015450, 0.00003723, 0.00007965, 0.00005675, 0.00009394, 0.00014023, 0.00005077, 0.00005698, 0.00006531, 0.00010770, 0.00007858, 0.00005848, 0.00009948, 0.00010397, 0.00004212, 0.00008462, 0.00008492, 0.00027792, 0.00009059, 0.00013693, 0.00019596, 0.00007908, 0.00002704, 0.00010883, 0.00021305, 0.00007666, 0.00009403, 0.00007089, 0.00011323, 0.00005099, 0.00015892, 0.00016072, 0.00012679, 0.00016822, 0.00007402, 0.00009876, 0.00007216, 0.00015424, 0.00011719, 0.00005544, 0.00014021, 0.00007967, 0.00007084, 0.00007770, 0.00016009, 0.00013126, 0.00010910, 0.00007691, 0.00131498, 0.00008547, 0.00048447, 0.00008024, 0.00063528, 0.00002348, 0.00006684, 0.00016424
0.00070697, 0.00021270, 0.00014249, 0.00009038, 0.00024560, 0.00010378, 0.00000000, 0.00008135, 0.00004404, 0.00007434, 0.00013797, 0.00019436, 0.00010486, 0.00011864, 0.00015405, 0.00011978, 0.00006810, 0.00010134, 0.00015073, 0.00078216, 0.00027413, 0.00014114, 0.00008462, 0.00004420, 0.00018046, 0.00005286, 0.00011328, 0.00013539, 0.00005582, 0.00023251, 0.00004065, 0.00026023, 0.00015629, 0.00015330, 0.00016731, 0.00008259, 0.00005631, 0.00012845, 0.00006501, 0.00007957, 0.00007980, 0.00009323, 0.00008097, 0.00012253, 0.00003520, 0.00015950, 0.00009874, 0.00010640, 0.00006093, 0.00025985, 0.00017089, 0.00017178, 0.00009949, 0.00009597, 0.00012150, 0.00014542, 0.00003129, 0.00012053, 0.00009104, 0.00008016, 0.00011215, 0.00010534, 0.00019640, 0.00015815, 0.00017101, 0.00017658, 0.00039906, 0.00008732, 0.00033472, 0.00011827, 0.00008668, 0.00006784, 0.00024415, 0.00005683, 0.00005879, 0.00026603, 0.00004244, 0.00007439, 0.00010581, 0.00003380, 0.00002971, 0.00012558, 0.00007763, 0.00014382
0.00006960, 0.00021638, 0.00004426, 0.00013850, 0.00013264, 0.00008159, 0.00008135, 0.00000000, 0.00013349, 0.00013928, 0.00008425, 0.00012742, 0.00004378, 0.00005642, 0.00013478, 0.00009299, 0.00021025, 0.00007715, 0.00018297, 0.00009610, 0.00002310, 0.00041347, 0.00000319, 0.00003861, 0.00011471, 0.00045285, 0.00006057, 0.00010633, 0.00014209, 0.00020997, 0.00023209, 0.00027758, 0.00017579, 0.00025055, 0.00013502, 0.00016615, 0.00004706, 0.00011999, 0.00008266, 0.00012483, 0.00015215, 0.00012147, 0.00017849, 0.00024141, 0.00011730, 0.00014457, 0.00055332, 0.00013092, 0.00014031, 0.00017196, 0.00054809, 0.00011884, 0.00006116, 0.00010266, 0.00018343, 0.00009479, 0.00020443, 0.00008438, 0.00011359, 0.00004784, 0.00018356, 0.00003254, 0.00008182, 0.00023821, 0.00005228, 0.00007715, 0.00015181, 0.00005667, 0.00008681, 0.00010011, 0.00005763, 0.00005316, 0.00015397, 0.00011546, 0.00015303, 0.00011160, 0.00013545, 0.00023632, 0.00019129, 0.00011022, 0.00009906, 0.00008369, 0.00010541, 0.00007512
0.00029333, 0.00013462, 0.00005399, 0.00011502, 0.00007997, 0.00006965, 0.00004404, 0.00013349, 0.00000000, 0.00005871, 0.00009553, 0.00014368, 0.00015144, 0.00010226, 0.00011481, 0.00008252, 0.00008123, 0.00005609, 0.00005262, 0.00019369, 0.00007376, 0.00006357, 0.00009262, 0.00022255, 0.00004841, 0.00011818, 0.00022400, 0.00066508, 0.00009034, 0.00007625, 0.00006988, 0.00004620, 0.00002350, 0.00006340, 0.00006213, 0.00004177, 0.00006320, 0.00007983, 0.00009762, 0.00007069, 0.00011655, 0.00003736, 0.00015722, 0.00049122, 0.00010763, 0.00011901, 0.00015627, 0.00010709, 0.00005087, 0.00010976, 0.00018303, 0.00003378, 0.00011609, 0.00068820, 0.00018566, 0.00140861, 0.00004433, 0.00010947, 0.00005133, 0.00042687, 0.00010461, 0.00009237, 0.00010688, 0.00012436, 0.00032242, 0.00008384, 0.00013947, 0.00007897, 0.00016243, 0.00016125, 0.00010274, 0.00015219, 0.00008364, 0.00007642, 0.00009902, 0.00006858, 0.00006278, 0.00010156, 0.00012722, 0.00010175, 0.00002886, 0.00012828, 0.00002589, 0.00017377
0.00010918, 0.00006620, 0.00007299, 0.00006827, 0.00028310, 0.00002783, 0.00007434, 0.00013928, 0.00005871, 0.00000000, 0.00012770, 0.00002363, 0.00007689, 0.00011188, 0.00003451, 0.00010506, 0.00006856, 0.00013957, 0.00021834, 0.00015639, 0.00010839, 0.00011082, 0.00009639, 0.00008982, 0.00010171, 0.00004110, 0.00007776, 0.00006104, 0.00013671, 0.00007138, 0.00012702, 0.00009144, 0.00016418, 0.00010793, 0.00002708, 0.00033491, 0.00017917, 0.00040914, 0.00006119, 0.00015730, 0.00012783, 0.00009951, 0.00018673, 0.00015030, 0.00009618, 0.00008378, 0.00010954, 0.00007170, 0.00004256, 0.00012185, 0.00014695, 0.00005898, 0.00010343, 0.00008688, 0.00008102, 0.00020833, 0.00005259, 0.00007396, 0.00012252, 0.00004113, 0.00002815, 0.00010635, 0.00008762, 0.00007520, 0.00012188, 0.00002174, 0.00010854, 0.00007039, 0.00014385, 0.00006664, 0.00007797, 0.00011500, 0.00012927, 0.00007840, 0.00031628, 0.00012840, 0.00023194, 0.00006053, 0.00005773, 0.00005418, 0.00011936, 0.00021055, 0.00010399, 0.00006835
0.00005580, 0.00017194, 0.00015168, 0.00013768, 0.00019751, 0.00051683, 0.00013797, 0.00008425, 0.00009553, 0.00012770, 0.00000000, 0.00005638, 0.00019240, 0.00017757, 0.00001770, 0.00009135, 0.00012508, 0.00022934, 0.00010230, 0.00003509, 0.00012294, 0.00043738, 0.00007015, 0.00029997, 0.00014649, 0.00021102, 0.00004687, 0.00006452, 0.00007680, 0.00006670, 0.00008056, 0.00007694, 0.00011966, 0.00008424, 0.00027486, 0.00007594, 0.00022752, 0.00015799, 0.00009909, 0.00003932, 0.00031529, 0.00003361, 0.00014201, 0.00015734, 0.00023919, 0.00007108, 0.00011259, 0.00009631, 0.00009938, 0.00004678, 0.00008921, 0.00013487, 0.00063936, 0.00017652, 0.00003903, 0.00006791, 0.00007433, 0.00015994, 0.00034718, 0.00011270, 0.00006780, 0.00008697, 0.00007675, 0.00019162, 0.00004344, 0.00008794, 0.00011923, 0.00011054, 0.00013201, 0.00130434, 0.00008601, 0.00008031, 0.00022823, 0.00005946, 0.00006292, 0.00023466, 0.00005219, 0.00021868, 0.00009795, 0.00014229, 0.00013181, 0.00003978, 0.00034856, 0.00013728
0.00013984, 0.00007536, 0.00018288, 0.00014447, 0.00005002, 0.00011787, 0.00019436, 0.00012742, 0.00014368, 0.00002363, 0.00005638, 0.00000000, 0.00005839, 0.00007696, 0.00007405, 0.00014505, 0.00012470, 0.00005464, 0.00014831, 0.00014067, 0.00006121, 0.00017995, 0.00004193, 0.00008712, 0.00015507, 0.00005364, 0.00085650, 0.00027137, 0.00011562, 0.00014500, 0.00026836, 0.00011756, 0.00011037, 0.00007713, 0.00004442, 0.00035812, 0.00006387, 0.00018605, 0.00007490, 0.00003726, 0.00019090, 0.00010428, 0.00019967, 0.00015374, 0.00006534, 0.00003482, 0.00008947, 0.00011110, 0.00004937, 0.00009661, 0.00008205, 0.00012099, 0.00025673, 0.00008750, 0.00005486, 0.00007297, 0.00004006, 0.00011073, 0.00011597, 0.00009889, 0.00009429, 0.00007709, 0.00007114, 0.00004278, 0.00008711, 0.00013147, 0.00011869, 0.00019031, 0.00010195, 0.00011580, 0.00024365, 0.00006997, 0.00013866, 0.00011132, 0.00005666, 0.00010113, 0.00001574, 0.00009908, 0.00010259, 0.00022914, 0.00006964, 0.00011076, 0.00006932, 0.00010034
0.00004346, 0.00005452, 0.00014955, 0.00009967, 0.00004377, 0.00003397, 0.00010486, 0.00004378, 0.00015144, 0.00007689, 0.00019240, 0.00005839, 0.00000000, 0.00006977, 0.00006405, 0.00006830, 0.00017435, 0.00008204, 0.00012031, 0.00007122, 0.00036289, 0.00010001, 0.00012607, 0.00005533, 0.00004918, 0.00011690, 0.00008535, 0.00034421, 0.00006062, 0.00013766, 0.00007822, 0.00006734, 0.00013077, 0.00008267, 0.00010326, 0.00006261, 0.00005474, 0.00021912, 0.00005699, 0.00010506, 0.00010949, 0.00013730, 0.00003772, 0.00013831, 0.00031967, 0.00011992, 0.00008110, 0.00004179, 0.00039776, 0.00010209, 0.00008715, 0.00013110, 0.00042358, 0.00021023, 0.00016828, 0.00008919, 0.00006227, 0.00017828, 0.00008109, 0.00007067, 0.00009902, 0.00025325, 0.00006917, 0.00013337, 0.00008923, 0.00021243, 0.00014681, 0.00023464, 0.00013569, 0.00009127, 0.00009887, 0.00011792, 0.00016299, 0.00012252, 0.00012776, 0.00016154, 0.00017723, 0.00010919, 0.00014878, 0.00004124, 0.00014312, 0.00004412, 0.00020095, 0.00014318
0.00011326, 0.00004408, 0.00012970, 0.00009585, 0.00010105, 0.00011653, 0.00011864, 0.00005642, 0.00010226, 0.00011188, 0.00017757, 0.00007696, 0.00006977, 0.00000000, 0.00014253, 0.00005812, 0.00009862, 0.00013219, 0.00010485, 0.00009059, 0.00010840, 0.00018172, 0.00003850, 0.00030747, 0.00006978, 0.00006057, 0.00012418, 0.00012075, 0.00008171, 0.00032121, 0.00012821, 0.00013228, 0.00009390, 0.00016335, 0.00008288, 0.00008715, 0.00007799, 0.00007100, 0.00008973, 0.00003673, 0.00007139, 0.00007654, 0.00015879, 0.00008604, 0.00008206, 0.00012868, 0.00011983, 0.00021296, 0.00007099, 0.00003261, 0.00016057, 0.00038906, 0.00013927, 0.00015076, 0.00004851, 0.00010357, 0.00007674, 0.00015117, 0.00009061, 0.00015947, 0.00010228, 0.00026595, 0.00008265, 0.00011664, 0.00039995, 0.00008645, 0.00019696, 0.00007692, 0.00020685, 0.00014716, 0.00006607, 0.00005733, 0.00011800, 0.00003840, 0.00162687, 0.00010819, 0.00065582, 0.00011890, 0.00010324, 0.00028609, 0.00008825, 0.00021183, 0.00014570, 0.00023378
0.00009705, 0.00004029, 0.00005648, 0.00012718, 0.00007304, 0.00009264, 0.00015405, 0.00013478, 0.00011481, 0.00003451, 0.00001770, 0.00007405, 0.00006405, 0.00014253, 0.00000000, 0.00015953, 0.00018562, 0.00008961, 0.00009303, 0.00021767, 0.00006390, 0.00006664, 0.00017404, 0.00011596, 0.00003679, 0.00013497, 0.00011831, 0.00011546, 0.00012232, 0.00021684, 0.00013919, 0.00013677, 0.00006677, 0.00014927, 0.00016434, 0.00012705, 0.00007197, 0.00007104, 0.00013301, 0.00006547, 0.00007042, 0.00028242, 0.00010877, 0.00010294, 0.00017126, 0.00011376, 0.00024539, 0.00009593, 0.00009828, 0.00006853, 0.00006281, 0.00010596, 0.00005453, 0.00035844, 0.00010960, 0.00007912, 0.00008521, 0.00011471, 0.00007681, 0.00014173, 0.00006988, 0.00016506, 0.00007205, 0.00012713, 0.00012349, 0.00007150, 0.00006132, 0.00009608, 0.00007644, 0.00016528, 0.00009431, 0.00015763, 0.00017992, 0.00013176, 0.00006016, 0.00005203, 0.00024473, 0.00006444, 0.00007927, 0.00011464, 0.00010499, 0.00006072, 0.00005614, 0.00011796
0.00008720, 0.00015816, 0.00031186, 0.00017256, 0.00060403, 0.00007957, 0.00011978, 0.00009299, 0.00008252, 0.00010506, 0.00009135, 0.00014505, 0.00006830, 0.00005812, 0.00015953, 0.00000000, 0.00005948, 0.00006034, 0.00008858, 0.00030786, 0.00006389, 0.00019821, 0.00010062, 0.00009281, 0.00203298, 0.00008731, 0.00028921, 0.00003050, 0.00006947, 0.00003181, 0.00008252, 0.00008741, 0.00005671, 0.00009219, 0.00010670, 0.00018411, 0.00011839, 0.00006730, 0.00007980, 0.00011861, 0.00008608, 0.00005231, 0.00010138, 0.00008490, 0.00006512, 0.00013984, 0.00010534, 0.00010112, 0.00007791, 0.00021501, 0.00005351, 0.00036413, 0.00008677, 0.00008855, 0.00012956, 0.00009281, 0.00026672, 0.00021741, 0.00007903, 0.00006948, 0.00045932, 0.00021544, 0.00002356, 0.00012925, 0.00025799, 0.00017076, 0.00011491, 0.00009358, 0.00017051, 0.00022887, 0.00005336, 0.00030492, 0.00010549, 0.00011779, 0.00013029, 0.00007200, 0.00007471, 0.00010251, 0.00014645, 0.00009769, 0.00006560, 0.00002226, 0.00010009, 0.00035357
0.00015383, 0.00009130, 0.00012387, 0.00014712, 0.00008477, 0.00003457, 0.00006810, 0.00021025, 0.00008123, 0.00006856, 0.00012508, 0.00012470, 0.00017435, 0.00009862, 0.00018562, 0.00005948, 0.00000000, 0.00008910, 0.00009119, 0.00006016, 0.00006819, 0.00009510, 0.00014370, 0.00004404, 0.00008824, 0.00005890, 0.00005950, 0.00006046, 0.00009135, 0.00007447, 0.00006385, 0.00006708, 0.00010763, 0.00005990, 0.00007094, 0.00013012, 0.00008016, 0.00006112, 0.00002764, 0.00006420, 0.00022532, 0.00006118, 0.00009259, 0.00013243, 0.00013061, 0.00013418, 0.00017878, 0.00007362, 0.00005579, 0.00005159, 0.00017240, 0.00002631, 0.00004182, 0.00001531, 0.00015672, 0.00006027, 0.00020855, 0.00010972, 0.00005575, 0.00005121, 0.00029419, 0.00010992, 0.00007409, 0.00028998, 0.00014877, 0.00026116, 0.00012282, 0.00017878, 0.00032558, 0.00008444, 0.00020701, 0.00032536, 0.00016318, 0.00007157, 0.00009094, 0.00017064, 0.00013669, 0.00015999, 0.00008106, 0.00012390, 0.00019886, 0.00007476, 0.00010831, 0.00014505
0.00007885, 0.00020862, 0.00008527, 0.00006871, 0.00005164, 0.00006754, 0.00010134, 0.00007715, 0.00005609, 0.00013957, 0.00022934, 0.00005464, 0.00008204, 0.00013219, 0.00008961, 0.00006034, 0.00008910, 0.00000000, 0.00003675, 0.00008753, 0.00010083, 0.00004203, 0.00006621, 0.00017080, 0.00028888, 0.00004380, 0.00011551, 0.00008719, 0.00012483, 0.00007209, 0.00012964, 0.00014319, 0.00015076, 0.00003543, 0.00013659, 0.00007964, 0.00017648, 0.00021979, 0.00012949, 0.00011616, 0.00020916, 0.00010850, 0.00005892, 0.00004892, 0.00003660, 0.00006872, 0.00005108, 0.00010974, 0.00010503, 0.00014150, 0.00036507, 0.00010473, 0.00016345, 0.00010550, 0.00013246, 0.00007488, 0.00009140, 0.00007069, 0.00020413, 0.00007597, 0.00005101, 0.00015642, 0.00009944, 0.00007254, 0.00015308, 0.00010429, 0.00015820, 0.00018441, 0.00015077, 0.00009174, 0.00006345, 0.00025514, 0.00010972, 0.00006904, 0.00008433, 0.00005989, 0.00018010, 0.00021178, 0.00010383, 0.00014679, 0.00005752, 0.00014757, 0.00019164, 0.00022201
0.00004883, 0.00014268, 0.00006788, 0.00015287, 0.00009855, 0.00004490, 0.00015073, 0.00018297, 0.00005262, 0.00021834, 0.00010230, 0.00014831, 0.00012031, 0.00010485, 0.00009303, 0.00008858, 0.00009119, 0.00003675, 0.00000000, 0.00003241, 0.00014524, 0.00011114, 0.00007209, 0.00006275, 0.00006297, 0.00016638, 0.00008114, 0.00018365, 0.00008759, 0.00005983, 0.00013609, 0.00035754, 0.00014093, 0.00011385, 0.00008083, 0.00009051, 0.00006885, 0.00007724, 0.00028621, 0.00007169, 0.00013241, 0.00055187, 0.00027095, 0.00012986, 0.00023097, 0.00022038, 0.00010298, 0.00072551, 0.00005578, 0.00006362, 0.00008754, 0.00011190, 0.00010293, 0.00009074, 0.00007798, 0.00006506, 0.00014496, 0.00016015, 0.00010063, 0.00011128, 0.00023924, 0.00007331, 0.00003897, 0.00014519, 0.00016391, 0.00016756, 0.00010470, 0.00018257, 0.00004496, 0.00262943, 0.00009461, 0.00014759, 0.00024616, 0.00010456, 0.00004249, 0.00012244, 0.00005504, 0.00013463, 0.00006942, 0.00014064, 0.00015742, 0.00018383, 0.00031942, 0.00022263
0.00012242, 0.00004537, 0.00010327, 0.00007942, 0.00015473, 0.00008674, 0.00078216, 0.00009610, 0.00019369, 0.00015639, 0.00003509, 0.00014067, 0.00007122, 0.00009059, 0.00021767, 0.00030786, 0.00006016, 0.00008753, 0.00003241, 0.00000000, 0.00009311, 0.00008805, 0.00007137, 0.00005144, 0.00007374, 0.00010772, 0.00008344, 0.00035977, 0.00011782, 0.00025445, 0.00006887, 0.00003355, 0.00013715, 0.00010956, 0.00004975, 0.00008047, 0.00020004, 0.00011032, 0.00105295, 0.00018852, 0.00012068, 0.00010003, 0.00014647, 0.00005623, 0.00012740, 0.00010165, 0.00010918, 0.00014707, 0.00023493, 0.00018582, 0.00006789, 0.00014463, 0.00006938, 0.00008948, 0.00006288, 0.00007479, 0.00005417, 0.00007675, 0.00007126, 0.00009107, 0.00010387, 0.00014870, 0.00009771, 0.00014779, 0.00007360, 0.00006807, 0.00014818, 0.00019666, 0.00013207, 0.00022819, 0.00011342, 0.00007675, 0.00005760, 0.00014038, 0.00015099, 0.00004193, 0.00007224, 0.00047670, 0.00003254, 0.00034058, 0.00008209, 0.00003485, 0.00012944, 0.00013136
0.00008162, 0.00007438, 0.00010712, 0.00014854, 0.00011956, 0.00008191, 0.00027413, 0.00002310, 0.00007376, 0.00010839, 0.00012294, 0.00006121, 0.00036289, 0.00010840, 0.00006390, 0.00006389, 0.00006819, 0.00010083, 0.00014524, 0.00009311, 0.00000000, 0.00010321, 0.00021886, 0.00007945, 0.00013495, 0.00007696, 0.00010139, 0.00015692, 0.00014983, 0.00009685, 0.00011096, 0.00004887, 0.00008951, 0.00008231, 0.00009371, 0.00005639, 0.00020008, 0.00017143, 0.00010828, 0.00015584, 0.00004765, 0.00006134, 0.00004703, 0.00004478, 0.00008943, 0.00037446, 0.00007536, 0.00030604, 0.00003650, 0.00016784, 0.00019081, 0.00010192, 0.00012699, 0.00010646, 0.00011621, 0.00017162, 0.00039624, 0.00077871, 0.00020420, 0.00009253, 0.00013966, 0.00009330, 0.00012571, 0.00012314, 0.00008118, 0.00007998, 0.00005703, 0.00012916, 0.00011393, 0.00010789, 0.00006325, 0.00023402, 0.00018037, 0.00006561, 0.00022506, 0.00004966, 0.00013255, 0.00007811, 0.00006859, 0.00014172, 0.00008223, 0.00005645, 0.00120498, 0.00100329
0.00015395, 0.00007427, 0.00018733, 0.00006076, 0.00013862, 0.00006855, 0.00014114, 0.00041347, 0.00006357, 0.00011082, 0.00043738, 0.00017995, 0.00010001, 0.00018172, 0.00006664, 0.00019821, 0.00009510, 0.00004203, 0.00011114, 0.00008805, 0.00010321, 0.00000000, 0.00021159, 0.00007344, 0.00031330, 0.00018315, 0.00018650, 0.00007804, 0.00005572, 0.00015567, 0.00014318, 0.00033559, 0.00011105, 0.00011623, 0.00010037, 0.00025286, 0.00009105, 0.00019289, 0.00025095, 0.00003661, 0.00008053, 0.00010663, 0.00061788, 0.00009969, 0.00012225, 0.00011774, 0.00001964, 0.00005831, 0.00013750, 0.00010733, 0.00013813, 0.00012150, 0.00020106, 0.00009481, 0.00004782, 0.00007527, 0.00013463, 0.00016731, 0.00017015, 0.00004235, 0.00008846, 0.00006342, 0.00014639, 0.00012018, 0.00010631, 0.00031562, 0.00012900, 0.00006405, 0.00010225, 0.00009946, 0.00016062, 0.00017635, 0.00030580, 0.00015380, 0.00011476, 0.00007499, 0.00013232, 0.00020472, 0.00003344, 0.00013753, 0.00007388, 0.00012094, 0.00007052, 0.00002979
0.00006352, 0.00004643, 0.00005196, 0.00006247, 0.00011918, 0.00011783, 0.00008462, 0.00000319, 0.00009262, 0.00009639, 0.00007015, 0.00004193, 0.00012607, 0.00003850, 0.00017404, 0.00010062, 0.00014370, 0.00006621, 0.00007209, 0.00007137, 0.00021886, 0.00021159, 0.00000000, 0.00003752, 0.00013779, 0.00015658, 0.00017709, 0.00010288, 0.00008093, 0.00005564, 0.00013872, 0.00008797, 0.00013662, 0.00008239, 0.00019501, 0.00009190, 0.00014904, 0.00014469, 0.00011691, 0.00003535, 0.00009292, 0.00013676, 0.00025708, 0.00015209, 0.00025939, 0.00010296, 0.00005021, 0.00003634, 0.00008842, 0.00006449, 0.00015122, 0.00013821, 0.00009061, 0.00007322, 0.00008161, 0.00014668, 0.00012387, 0.00008568, 0.00007191, 0.00009963, 0.00009474, 0.00005025, 0.00015610, 0.00016876, 0.00003272, 0.00009199, 0.00017019, 0.00013291, 0.00004842, 0.00023295, 0.00005558, 0.00009119, 0.00011252, 0.00007329, 0.00022533, 0.00015711, 0.00028736, 0.00011843, 0.00027563, 0.00008287, 0.00016624, 0.00012028, 0.00013029, 0.00009872
0.00021035, 0.00028118, 0.00008449, 0.00006011, 0.00016674, 0.00021438, 0.00004420, 0.00003861, 0.00022255, 0.00008982, 0.00029997, 0.00008712, 0.00005533, 0.00030747, 0.00011596, 0.00009281, 0.00004404, 0.00017080, 0.00006275, 0.00005144, 0.00007945, 0.00007344, 0.00003752, 0.00000000, 0.00023412, 0.00011948, 0.00017638, 0.00005824, 0.00012656, 0.00008656, 0.00009646, 0.00011543, 0.00004849, 0.00009557, 0.00020993, 0.00017467, 0.00011275, 0.00012093, 0.00006506, 0.00013912, 0.00006417, 0.00006177, 0.00006661, 0.00005949, 0.00002534, 0.00076136, 0.00033767, 0.00010707, 0.00006954, 0.00005593, 0.00005657, 0.00008215, 0.00022457, 0.00020137, 0.00016867, 0.00010314, 0.00012507, 0.00013743, 0.00024096, 0.00019731, 0.00006879, 0.00005236, 0.00022464, 0.00008712, 0.00005855, 0.00005850, 0.00005764, 0.00014693, 0.00020581, 0.00013189, 0.00008702, 0.00006838, 0.00017011, 0.00008698, 0.00020556, 0.00010004, 0.00024013, 0.00015292, 0.00008939, 0.00031919, 0.00005770, 0.00009099, 0.00020579, 0.00007192
0.00016264, 0.00010630, 0.00010140, 0.00025281, 0.00008142, 0.00007750, 0.00018046, 0.00011471, 0.00004841, 0.00010171, 0.00014649, 0.00015507, 0.00004918, 0.00006978, 0.00003679, 0.00203298, 0.00008824, 0.00028888, 0.00006297, 0.00007374, 0.00013495, 0.00031330, 0.00013779, 0.00023412, 0.00000000, 0.00004913, 0.00004710, 0.00005093, 0.00013837, 0.00010462, 0.00014504, 0.00006149, 0.00007633, 0.00006618, 0.00011065, 0.00017411, 0.00008194, 0.00022100, 0.00007994, 0.00041682, 0.00011279, 0.00019224, 0.00019088, 0.00013922, 0.00006070, 0.00004082, 0.00032626, 0.00015078, 0.00014843, 0.00004054, 0.00009311, 0.00006162, 0.00022105, 0.00013688, 0.00012590, 0.00022844, 0.00014832, 0.00010594, 0.00013746, 0.00009456, 0.00010392, 0.00006958, 0.00003184, 0.00012860, 0.00006454, 0.00010404, 0.00010930, 0.00025213, 0.00011903, 0.00009710, 0.00019468, 0.00005506, 0.00011308, 0.00008645, 0.00005386, 0.00007799, 0.00016052, 0.00012489, 0.00010033, 0.00008342, 0.00011667, 0.00005464, 0.00007535, 0.00037773
0.00006744, 0.00005627, 0.00009856, 0.00005367, 0.00009741, 0.00008314, 0.00005286, 0.00045285, 0.00011818, 0.00004110, 0.00021102, 0.00005364, 0.00011690, 0.00006057, 0.00013497, 0.00008731, 0.00005890, 0.00004380, 0.00016638, 0.00010772, 0.00007696, 0.00018315, 0.00015658, 0.00011948, 0.00004913, 0.00000000, 0.00012398, 0.00014589, 0.00005981, 0.00008601, 0.00019486, 0.00007542, 0.00005546, 0.00006864, 0.00006299, 0.00037714, 0.00008831, 0.00012657, 0.00009910, 0.00002314, 0.00014987, 0.00020321, 0.00011237, 0.00003677, 0.00003413, 0.00007758, 0.00030092, 0.00009547, 0.00012401, 0.00004587, 0.00002171, 0.00012425, 0.00021339, 0.00010772, 0.00019736, 0.00027910, 0.00007125, 0.00019523, 0.00003860, 0.00010214, 0.00020426, 0.00011615, 0.00010118, 0.00010212, 0.00020684, 0.00017096, 0.00017957, 0.00018118, 0.00007280, 0.00013143, 0.00007271, 0.00021489, 0.00008149, 0.00005402, 0.00007026, 0.00011101, 0.00011603, 0.00014204, 0.00012600, 0.00018576, 0.00003455, 0.00009387, 0.00011881, 0.00017642
0.00003313, 0.00013928, 0.00015532, 0.00019048, 0.00005078, 0.00008762, 0.00011328, 0.00006057, 0.00022400, 0.00007776, 0.00004687, 0.00085650, 0.00008535, 0.00012418, 0.00011831, 0.00028921, 0.00005950, 0.00011551, 0.00008114, 0.00008344, 0.00010139, 0.00018650, 0.00017709, 0.00017638, 0.00004710, 0.00012398, 0.00000000, 0.00008860, 0.00015460, 0.00057089, 0.00087910, 0.00007894, 0.00010694, 0.00005751, 0.00012475, 0.00005728, 0.00006157, 0.00012687, 0.00004857, 0.00012253, 0.00008976, 0.00004244, 0.00012116, 0.00024252, 0.00002506, 0.00007502, 0.00015092, 0.00015249, 0.00013322, 0.00005809, 0.00007925, 0.00014706, 0.00006090, 0.00014797, 0.00009355, 0.00011471, 0.00018424, 0.00007533, 0.00006514, 0.00003123, 0.00014705, 0.00010837, 0.00010328, 0.00013746, 0.00020829, 0.00036771, 0.00006467, 0.00006886, 0.00014779, 0.00010437, 0.00006282, 0.00004935, 0.00013388, 0.00021192, 0.00021001, 0.00003455, 0.00013755, 0.00027303, 0.00047318, 0.00006290, 0.00009393, 0.00014567, 0.00008714, 0.00018546
0.00005971, 0.00007621, 0.00020173, 0.00013634, 0.00007517, 0.00007016, 0.00013539, 0.00010633, 0.00066508, 0.00006104, 0.00006452, 0.00027137, 0.00034421, 0.00012075, 0.00011546, 0.00003050, 0.00006046, 0.00008719, 0.00018365, 0.00035977, 0.00015692, 0.00007804, 0.00010288, 0.00005824, 0.00005093, 0.00014589, 0.00008860, 0.00000000, 0.00009764, 0.00013521, 0.00019344, 0.00004382, 0.00031270, 0.00013092, 0.00012932, 0.00004343, 0.00013690, 0.00088544, 0.00015581, 0.00006356, 0.00022999, 0.00020045, 0.00005638, 0.00011838, 0.00007921, 0.00017190, 0.00012688, 0.00020730, 0.00012046, 0.00006599, 0.00018597, 0.00001226, 0.00022425, 0.00008148, 0.00007231, 0.00010005, 0.00000970, 0.00007207, 0.00005420, 0.00014452, 0.00187963, 0.00008214, 0.00008027, 0.00017500, 0.00013828, 0.00008573, 0.00006329, 0.00022229, 0.00006691, 0.00008952, 0.00010058, 0.00016449, 0.00016349, 0.00009776, 0.00006855, 0.00006518, 0.00012236, 0.00025752, 0.00013276, 0.00020830, 0.00002882, 0.00012461, 0.00010338, 0.00008317
0.00009495, 0.00010391, 0.00002237, 0.00006214, 0.00007095, 0.00015450, 0.00005582, 0.00014209, 0.00009034, 0.00013671, 0.00007680, 0.00011562, 0.00006062, 0.00008171, 0.00012232, 0.00006947, 0.00009135, 0.00012483, 0.00008759, 0.00011782, 0.00014983, 0.00005572, 0.00008093, 0.00012656, 0.00013837, 0.00005981, 0.00015460, 0.00009764, 0.00000000, 0.00014779, 0.00002800, 0.00012205, 0.00005479, 0.00005642, 0.00009095, 0.00009446, 0.00011638, 0.00013850, 0.00007473, 0.00010557, 0.00013352, 0.00006046, 0.00009747, 0.00021877, 0.00005816, 0.00007027, 0.00008788, 0.00005978, 0.00010838, 0.00008269, 0.00008224, 0.00017089, 0.00006562, 0.00004765, 0.00007571, 0.00006137, 0.00013950, 0.00032627, 0.00018797, 0.00012517, 0.00008816, 0.00019236, 0.00006942, 0.00016147, 0.00013343, 0.00020126, 0.00009697, 0.00012067, 0.00006036, 0.00010116, 0.00005920, 0.00008668, 0.00005470, 0.00010611, 0.00017295, 0.00004969, 0.00010357, 0.00029986, 0.00022136, 0.00020619, 0.00018364, 0.00007027, 0.00007153, 0.00005463
0.00006428, 0.00013301, 0.00006675, 0.00008298, 0.00006716, 0.00003723, 0.00023251, 0.00020997, 0.00007625, 0.00007138, 0.00006670, 0.00014500, 0.00013766, 0.00032121, 0.00021684, 0.00003181, 0.00007447, 0.00007209, 0.00005983, 0.00025445, 0.00009685, 0.00015567, 0.00005564, 0.00008656, 0.00010462, 0.00008601, 0.00057089, 0.00013521, 0.00014779, 0.00000000, 0.00002168, 0.00006025, 0.00007571, 0.00019025, 0.00023774, 0.00006224, 0.00009164, 0.00004512, 0.00006318, 0.00023240, 0.00017365, 0.00009525, 0.00006184, 0.00016860, 0.00014604, 0.00004709, 0.00029603, 0.00032622, 0.00034995, 0.00009272, 0.00011063, 0.00007476, 0.00007386, 0.00004434, 0.00007767, 0.00009250, 0.00009635, 0.00011033, 0.00010558, 0.00026032, 0.00017072, 0.00009198, 0.00018587, 0.00013584, 0.00018883, 0.00018014, 0.00012465, 0.00013895, 0.00008878, 0.00008532, 0.00012247, 0.00007637, 0.00026928, 0.00022083, 0.00015510, 0.00030027, 0.00031602, 0.00004392, 0.00009668, 0.00009550, 0.00014818, 0.00008734, 0.00009540, 0.00013551
0.00007909, 0.00013037, 0.00004041, 0.00008974, 0.00004642, 0.00007965, 0.00004065, 0.00023209, 0.00006988, 0.00012702, 0.00008056, 0.00026836, 0.00007822, 0.00012821, 0.00013919, 0.00008252, 0.00006385, 0.00012964, 0.00013609, 0.00006887, 0.00011096, 0.00014318, 0.00013872, 0.00009646, 0.00014504, 0.00019486, 0.00087910, 0.00019344, 0.00002800, 0.00002168, 0.00000000, 0.00015124, 0.00013816, 0.00008251, 0.00009342, 0.00052276, 0.00011705, 0.00007325, 0.00008883, 0.00106755, 0.00012128, 0.00011152, 0.00015451, 0.00008573, 0.00010721, 0.00019317, 0.00021731, 0.00009531, 0.00058941, 0.00005779, 0.00004829, 0.00012900, 0.00006757, 0.00012282, 0.00014501, 0.00003302, 0.00003466, 0.00010057, 0.00006516, 0.00172572, 0.00040775, 0.00010259, 0.00015935, 0.00061042, 0.00017583, 0.00012717, 0.00010962, 0.00007138, 0.00009396, 0.00013660, 0.00035503, 0.00024263, 0.00037566, 0.00012785, 0.00012922, 0.00005746, 0.00027219, 0.00008397, 0.00167473, 0.00016475, 0.00024975, 0.00009533, 0.00007506, 0.00002772
0.00018927, 0.00009423, 0.00004288, 0.00007200, 0.00008611, 0.00005675, 0.00026023, 0.00027758, 0.00004620, 0.00009144, 0.00007694, 0.00011756, 0.00006734, 0.00013228, 0.00013677, 0.00008741, 0.00006708, 0.00014319, 0.00035754, 0.00003355, 0.00004887, 0.00033559, 0.00008797, 0.00011543, 0.00006149, 0.00007542, 0.00007894, 0.00004382, 0.00012205, 0.00006025, 0.00015124, 0.00000000, 0.00014241, 0.00009894, 0.00007926, 0.00011851, 0.00017301, 0.00023515, 0.00004515, 0.00017315, 0.00021962, 0.00005936, 0.00006214, 0.00011021, 0.00022201, 0.00007487, 0.00008210, 0.00006101, 0.00004989, 0.00008175, 0.00012329, 0.00009500, 0.00008962, 0.00005183, 0.00007349, 0.00007283, 0.00012395, 0.00022406, 0.00011296, 0.00011372, 0.00011212, 0.00014739, 0.00006171, 0.00007345, 0.00012194, 0.00013040, 0.00014188, 0.00008555, 0.00005840, 0.00014072, 0.00012608, 0.00009196, 0.00005993, 0.00012303, 0.00030293, 0.00012544, 0.00009684, 0.00002683, 0.00176150, 0.00014468, 0.00007861, 0.00009904, 0.00004996, 0.00016658
0.00024602, 0.00018471, 0.00010469, 0.00004786, 0.00003564, 0.00009394, 0.00015629, 0.00017579, 0.00002350, 0.00016418, 0.00011966, 0.00011037, 0.00013077, 0.00009390, 0.00006677, 0.00005671, 0.00010763, 0.00015076, 0.00014093, 0.00013715, 0.00008951, 0.00011105, 0.00013662, 0.00004849, 0.00007633, 0.00005546, 0.00010694, 0.00031270, 0.00005479, 0.00007571, 0.00013816, 0.00014241, 0.00000000, 0.00009660, 0.00019457, 0.00013355, 0.00008679, 0.00008867, 0.00009337, 0.00003205, 0.00031159, 0.00009457, 0.00071446, 0.00010032, 0.00006580, 0.00006672, 0.00015381, 0.00026032, 0.00007043, 0.00005265, 0.00007738, 0.00016867, 0.00009743, 0.00024742, 0.00033931, 0.00008640, 0.00015063, 0.00015657, 0.00007299, 0.00040692, 0.00009116, 0.00013630, 0.00008030, 0.00007937, 0.00020200, 0.00012538, 0.00018025, 0.00008403, 0.00005789, 0.00012854, 0.00017334, 0.00013509, 0.00009034, 0.00011432, 0.00026690, 0.00013770, 0.00007268, 0.00025229, 0.00009076, 0.00005156, 0.00007948, 0.00005892, 0.00024094, 0.00009294
0.00008709, 0.00010532, 0.00006488, 0.00017343, 0.00022458, 0.00014023, 0.00015330, 0.00025055, 0.00006340, 0.00010793, 0.00008424, 0.00007713, 0.00008267, 0.00016335, 0.00014927, 0.00009219, 0.00005990, 0.00003543, 0.00011385, 0.00010956, 0.00008231, 0.00011623, 0.00008239, 0.00009557, 0.00006618, 0.00006864, 0.00005751, 0.00013092, 0.00005642, 0.00019025, 0.00008251, 0.00009894, 0.00009660, 0.00000000, 0.00008433, 0.00008334, 0.00012502, 0.00009401, 0.00010745, 0.00005276, 0.00005810, 0.00015556, 0.00007182, 0.00017757, 0.00011296, 0.00011970, 0.00022768, 0.00011989, 0.00004367, 0.00006952, 0.00008454, 0.00005200, 0.00010674, 0.00005356, 0.00013089, 0.00009971, 0.00010634, 0.00006774, 0.00010282, 0.00007185, 0.00024784, 0.00005340, 0.00007836, 0.00022432, 0.00005773, 0.00017290, 0.00006905, 0.00012807, 0.00003571, 0.00009598, 0.00012610, 0.00016117, 0.00006813, 0.00008022, 0.00009905, 0.00010334, 0.00006519, 0.00017306, 0.00032633, 0.00012692, 0.00020545, 0.00017470, 0.00008252, 0.00012282
0.00013135, 0.00009558, 0.00014435, 0.00013435, 0.00046877, 0.00005077, 0.00016731, 0.00013502, 0.00006213, 0.00002708, 0.00027486, 0.00004442, 0.00010326, 0.00008288, 0.00016434, 0.00010670, 0.00007094, 0.00013659, 0.00008083, 0.00004975, 0.00009371, 0.00010037, 0.00019501, 0.00020993, 0.00011065, 0.00006299, 0.00012475, 0.00012932, 0.00009095, 0.00023774, 0.00009342, 0.00007926, 0.00019457, 0.00008433, 0.00000000, 0.00020701, 0.00020466, 0.00038090, 0.00008210, 0.00022169, 0.00002806, 0.00022826, 0.00007055, 0.00008289, 0.00005988, 0.00010868, 0.00012530, 0.00006456, 0.00003862, 0.00007251, 0.00003461, 0.00020342, 0.00004599, 0.00005762, 0.00008118, 0.00011268, 0.00007924, 0.00005977, 0.00006142, 0.00005271, 0.00095732, 0.00005825, 0.00017012, 0.00026881, 0.00005560, 0.00008680, 0.00014539, 0.00004153, 0.00006449, 0.00007087, 0.00002788, 0.00008053, 0.00006186, 0.00013913, 0.00023105, 0.00027167, 0.00007048, 0.00019331, 0.00025524, 0.00016673, 0.00041955, 0.00017645, 0.00005588, 0.00024516
0.00005786, 0.00021649, 0.00019140, 0.00011459, 0.00007563, 0.00005698, 0.00008259, 0.00016615, 0.00004177, 0.00033491, 0.00007594, 0.00035812, 0.00006261, 0.00008715, 0.00012705, 0.00018411, 0.00013012, 0.00007964, 0.00009051, 0.00008047, 0.00005639, 0.00025286, 0.00009190, 0.00017467, 0.00017411, 0.00037714, 0.00005728, 0.00004343, 0.00009446, 0.00006224, 0.00052276, 0.00011851, 0.00013355, 0.00008334, 0.00020701, 0.00000000, 0.00007448, 0.00009262, 0.00006173, 0.00010742, 0.00026639, 0.00009718, 0.00007318, 0.00014712, 0.00018120, 0.00020058, 0.00006354, 0.00005872, 0.00005997, 0.00008533, 0.00006005, 0.00007643, 0.00013549, 0.00010555, 0.00015528, 0.00013884, 0.00007965, 0.00005892, 0.00014494, 0.00008665, 0.00009192, 0.00028966, 0.00006770, 0.00003725, 0.00012967, 0.00007147, 0.00006985, 0.00007051, 0.00012806, 0.00007724, 0.00007505, 0.00004798, 0.00006961, 0.00010648, 0.00009772, 0.00007585, 0.00024812, 0.00010037, 0.00008485, 0.00005171, 0.00011944, 0.00010544, 0.00012511, 0.00003595
0.00030504, 0.00009923, 0.00012745, 0.00010492, 0.00006980, 0.00006531, 0.00005631, 0.00004706, 0.00006320, 0.00017917, 0.00022752, 0.00006387, 0.00005474, 0.00007799, 0.00007197, 0.00011839, 0.00008016, 0.00017648, 0.00006885, 0.00020004, 0.00020008, 0.00009105, 0.00014904, 0.00011275, 0.00008194, 0.00008831, 0.00006157, 0.00013690, 0.00011638, 0.00009164, 0.00011705, 0.00017301, 0.00008679, 0.00012502, 0.00020466, 0.00007448, 0.00000000, 0.00011554, 0.00009222, 0.00012429, 0.00013999, 0.00007464, 0.00013753, 0.00011394, 0.00009908, 0.00005586, 0.00001290, 0.00004349, 0.00017682, 0.00023016, 0.00007618, 0.00003110, 0.00011642, 0.00006894, 0.00010444, 0.00006863, 0.00009312, 0.00016614, 0.00014253, 0.00014310, 0.00013214, 0.00011072, 0.00078297, 0.00010761, 0.00028666, 0.00016114, 0.00003710, 0.00004682, 0.00008248, 0.00016380, 0.00017802, 0.00013393, 0.00004799, 0.00011133, 0.00004390, 0.00021508, 0.00028693, 0.00006956, 0.00018839, 0.00003974, 0.00008700, 0.00018776, 0.00016826, 0.00008254
0.00010881, 0.00086337, 0.00006212, 0.00018988, 0.00010306, 0.00010770, 0.00012845, 0.00011999, 0.00007983, 0.00040914, 0.00015799, 0.00018605, 0.00021912, 0.00007100, 0.00007104, 0.00006730, 0.00006112, 0.00021979, 0.00007724, 0.00011032, 0.00017143, 0.00019289, 0.00014469, 0.00012093, 0.00022100, 0.00012657, 0.00012687, 0.00088544, 0.00013850, 0.00004512, 0.00007325, 0.00023515, 0.00008867, 0.00009401, 0.00038090, 0.00009262, 0.00011554, 0.00000000, 0.00012053, 0.00012811, 0.00027043, 0.00009663, 0.00017733, 0.00020628, 0.00017526, 0.00013046, 0.00005976, 0.00003573, 0.00009320, 0.00007529, 0.00005609, 0.00009672, 0.00007404, 0.00016730, 0.00021392, 0.00046576, 0.00046744, 0.00005727, 0.00012340, 0.00022302, 0.00006492, 0.00011408, 0.00003394, 0.00012263, 0.00004088, 0.00008444, 0.00009958, 0.00010691, 0.00011307, 0.00003968, 0.00016941, 0.00018723, 0.00005643, 0.00020830, 0.00014246, 0.00004506, 0.00008008, 0.00010673, 0.00013897, 0.00006297, 0.00007515, 0.00009123, 0.00009811, 0.00021289
0.00012089, 0.00005764, 0.00003388, 0.00008566, 0.00009076, 0.00007858, 0.00006501, 0.00008266, 0.00009762, 0.00006119, 0.00009909, 0.00007490, 0.00005699, 0.00008973, 0.00013301, 0.00007980, 0.00002764, 0.00012949, 0.00028621, 0.00105295, 0.00010828, 0.00025095, 0.00011691, 0.00006506, 0.00007994, 0.00009910, 0.00004857, 0.00015581, 0.00007473, 0.00006318, 0.00008883, 0.00004515, 0.00009337, 0.00010745, 0.00008210, 0.00006173, 0.00009222, 0.00012053, 0.00000000, 0.00054076, 0.00010633, 0.00007183, 0.00007294, 0.00009384, 0.00003747, 0.00005685, 0.00006132, 0.00008630, 0.00007045, 0.00007557, 0.00045159, 0.00012953, 0.00005590, 0.00010225, 0.00009613, 0.00006270, 0.00005091, 0.00010791, 0.00013037, 0.00005941, 0.00006271, 0.00004059, 0.00015920, 0.00013613, 0.00010048, 0.00007589, 0.00007777, 0.00009702, 0.00005731, 0.00003033, 0.00019311, 0.00011147, 0.00013594, 0.00015134, 0.00005379, 0.00007595, 0.00008241, 0.00009791, 0.00006273, 0.00012712, 0.00011644, 0.00006686, 0.00005735, 0.00009006
