0.00000000, 0.00014516, 0.00029696, 0.00008841, 0.00010222, 0.00005801, 0.00008084, 0.00003147, 0.00007545, 0.00008196, 0.00003394, 0.00010329, 0.00003153, 0.00019392, 0.00007630, 0.00013775, 0.00013779, 0.00004104, 0.00005453, 0.00006123, 0.00009927, 0.00010174, 0.00008055, 0.00010457, 0.00010437, 0.00000316, 0.00002565, 0.00005839, 0.00004671, 0.00010552, 0.00004248, 0.00004663, 0.00007119, 0.00004495, 0.00014529, 0.00002357, 0.00014311, 0.00001137, 0.00013493, 0.00008513, 0.00006458, 0.00002664, 0.00004320, 0.00008239, 0.00008445, 0.00003246, 0.00009982, 0.00007442, 0.00012113, 0.00014341, 0.00005397, 0.00009138, 0.00002363, 0.00001590, 0.00006984, 0.00005996, 0.00007844, 0.00005781, 0.00004048, 0.00009037, 0.00007030, 0.00002352, 0.00006296, 0.00008412, 0.00005492, 0.00013385, 0.00001067, 0.00007914, 0.00007933, 0.00007538, 0.00002523, 0.00005214, 0.00007880, 0.00008341, 0.00012155, 0.00006521, 0.00012516, 0.00002933, 0.00006893, 0.00005852, 0.00007084, 0.00025251, 0.00012567, 0.00008838, 0.00007048, 0.00005251, 0.00010024, 0.00010263, 0.00026874, 0.00011033, 0.00003507, 0.00010650, 0.00013679, 0.00014608, 0.00006343, 0.00013509, 0.00003993, 0.00005577, 0.00014661, 0.00011014, 0.00005734, 0.00005710, 0.00025941, 0.00003636
0.00014516, 0.00000000, 0.00003559, 0.00009532, 0.00003390, 0.00014508, 0.00005049, 0.00005856, 0.00000202, 0.00012454, 0.00012251, 0.00008797, 0.00005108, 0.00009318, 0.00013268, 0.00004353, 0.00005108, 0.00002671, 0.00016546, 0.00002317, 0.00036794, 0.00010747, 0.00010738, 0.00011482, 0.00010697, 0.00003670, 0.00006751, 0.00017328, 0.00000895, 0.00002945, 0.00008743, 0.00008604, 0.00006290, 0.00004491, 0.00003905, 0.00002899, 0.00006961, 0.00005494, 0.00004429, 0.00008297, 0.00004153, 0.00011086, 0.00002514, 0.00002569, 0.00006036, 0.00006716, 0.00003287, 0.00014069, 0.00008056, 0.00014733, 0.00004898, 0.00016058, 0.00010574, 0.00005372, 0.00008158, 0.00009997, 0.00000847, 0.00010745, 0.00004709, 0.00007286, 0.00003969, 0.00002952, 0.00010125, 0.00008908, 0.00020738, 0.00006118, 0.00003085, 0.00007488, 0.00006945, 0.00015324, 0.00014393, 0.00005693, 0.00005812, 0.00005566, 0.00011395, 0.00009896, 0.00014416, 0.00005954, 0.00003219, 0.00007349, 0.00040924, 0.00008342, 0.00001587, 0.00006022, 0.00006818, 0.00011229, 0.00012064, 0.00015181, 0.00014810, 0.00002305, 0.00005775, 0.00012357, 0.00007545, 0.00010220, 0.00031737, 0.00007141, 0.00012511, 0.00014224, 0.00011533, 0.00029649, 0.00005476, 0.00001930, 0.00021922, 0.00015860
0.00029696, 0.00003559, 0.00000000, 0.00005029, 0.00026177, 0.00006296, 0.00004019, 0.00005432, 0.00004720, 0.00006799, 0.00004295, 0.00010359, 0.00002380, 0.00005076, 0.00003975, 0.00002570, 0.00002920, 0.00003227, 0.00003748, 0.00007114, 0.00013470, 0.00003449, 0.00004985, 0.00020253, 0.00013805, 0.00009020, 0.00000952, 0.00008963, 0.00003277, 0.00003005, 0.00000806, 0.00004900, 0.00002726, 0.00004338, 0.00002675, 0.00003374, 0.00004205, 0.00007395, 0.00005876, 0.00003666, 0.00014119, 0.00009064, 0.00006829, 0.00007911, 0.00007023, 0.00003197, 0.00001382, 0.00003631, 0.00002981, 0.00002727, 0.00008218, 0.00002316, 0.00003229, 0.00005804, 0.00001298, 0.00009628, 0.00001961, 0.00005077, 0.00004172, 0.00004287, 0.00005870, 0.00007388, 0.00004606, 0.00005680, 0.00014385, 0.00003312, 0.00003307, 0.00001620, 0.00009972, 0.00003941, 0.00002032, 0.00005755, 0.00004790, 0.00016816, 0.00002732, 0.00005339, 0.00012822, 0.00005775, 0.00007071, 0.00006073, 0.00001417, 0.00010132, 0.00011381, 0.00013609, 0.00005621, 0.00012274, 0.00001746, 0.00006093, 0.00002110, 0.00002766, 0.00004964, 0.00011885, 0.00005683, 0.00012377, 0.00003288, 0.00011351, 0.00014190, 0.00012200, 0.00001680, 0.00010355, 0.00004542, 0.00002648, 0.00007904, 0.00004335
0.00008841, 0.00009532, 0.00005029, 0.00000000, 0.00020069, 0.00004501, 0.00002007, 0.00009871, 0.00005374, 0.00015683, 0.00002937, 0.00019923, 0.00008950, 0.00009419, 0.00011003, 0.00002380, 0.00008991, 0.00010401, 0.00009892, 0.00010199, 0.00003052, 0.00009132, 0.00004706, 0.00019018, 0.00027588, 0.00002338, 0.00005670, 0.00002456, 0.00008813, 0.00031183, 0.00003566, 0.00012892, 0.00004424, 0.00002584, 0.00018681, 0.00001986, 0.00012332, 0.00009165, 0.00006240, 0.00005438, 0.00003301, 0.00003756, 0.00007874, 0.00004224, 0.00005972, 0.00005967, 0.00004045, 0.00004037, 0.00005356, 0.00009183, 0.00001688, 0.00001831, 0.00012574, 0.00008283, 0.00012077, 0.00007138, 0.00002159, 0.00009646, 0.00002593, 0.00007291, 0.00003662, 0.00002060, 0.00004755, 0.00005014, 0.00009992, 0.00016472, 0.00004973, 0.00013228, 0.00002289, 0.00012126, 0.00001182, 0.00002931, 0.00006549, 0.00009566, 0.00012500, 0.00011847, 0.00009713, 0.00001661, 0.00006636, 0.00009333, 0.00002713, 0.00012975, 0.00016137, 0.00010880, 0.00011296, 0.00009715, 0.00003445, 0.00007511, 0.00005520, 0.00004918, 0.00007045, 0.00003515, 0.00006130, 0.00008993, 0.00004379, 0.00002562, 0.00016474, 0.00012713, 0.00010696, 0.00017829, 0.00008457, 0.00002397, 0.00006355, 0.00006811
0.00010222, 0.00003390, 0.00026177, 0.00020069, 0.00000000, 0.00004335, 0.00006564, 0.00010345, 0.00016980, 0.00008706, 0.00004037, 0.00020713, 0.00006616, 0.00007048, 0.00006370, 0.00004761, 0.00004277, 0.00006374, 0.00005222, 0.00013516, 0.00006101, 0.00009952, 0.00004227, 0.00000021, 0.00004454, 0.00005909, 0.00016414, 0.00002078, 0.00008674, 0.00002554, 0.00010208, 0.00012196, 0.00012782, 0.00002595, 0.00004249, 0.00004941, 0.00010579, 0.00002637, 0.00003804, 0.00002655, 0.00000967, 0.00002811, 0.00002138, 0.00006346, 0.00004912, 0.00007438, 0.00002102, 0.00006860, 0.00001234, 0.00013241, 0.00023323, 0.00005150, 0.00006947, 0.00005421, 0.00009754, 0.00005851, 0.00002930, 0.00012563, 0.00022604, 0.00009008, 0.00003824, 0.00012636, 0.00004396, 0.00012524, 0.00002590, 0.00009532, 0.00002463, 0.00023276, 0.00007717, 0.00013981, 0.00004537, 0.00001335, 0.00011142, 0.00004919, 0.00002814, 0.00012382, 0.00027322, 0.00003939, 0.00003679, 0.00005745, 0.00004739, 0.00008897, 0.00006163, 0.00017557, 0.00005743, 0.00041200, 0.00005446, 0.00010679, 0.00011251, 0.00011486, 0.00004810, 0.00005694, 0.00007432, 0.00020805, 0.00004921, 0.00013463, 0.00011532, 0.00004073, 0.00007124, 0.00015039, 0.00009036, 0.00005742, 0.00007258, 0.00010056
0.00005801, 0.00014508, 0.00006296, 0.00004501, 0.00004335, 0.00000000, 0.00005526, 0.00013429, 0.00020651, 0.00003645, 0.00017922, 0.00007085, 0.00022655, 0.00021290, 0.00007980, 0.00004712, 0.00010239, 0.00025816, 0.00006739, 0.00009469, 0.00002801, 0.00004041, 0.00009110, 0.00004427, 0.00010469, 0.00010375, 0.00003595, 0.00012220, 0.00018450, 0.00006932, 0.00003944, 0.00011070, 0.00006374, 0.00011337, 0.00003943, 0.00006453, 0.00034583, 0.00007878, 0.00005542, 0.00008846, 0.00010884, 0.00004769, 0.00001911, 0.00003258, 0.00003897, 0.00002980, 0.00011673, 0.00005995, 0.00002430, 0.00005569, 0.00004712, 0.00027136, 0.00008395, 0.00015791, 0.00007964, 0.00015908, 0.00009037, 0.00013614, 0.00004513, 0.00004930, 0.00024795, 0.00006062, 0.00017103, 0.00007911, 0.00012662, 0.00009765, 0.00008954, 0.00013800, 0.00013020, 0.00011476, 0.00003428, 0.00002568, 0.00003200, 0.00009416, 0.00002909, 0.00004047, 0.00008568, 0.00005791, 0.00008939, 0.00027233, 0.00015695, 0.00004223, 0.00002007, 0.00032136, 0.00009570, 0.00017412, 0.00011709, 0.00005919, 0.00010352, 0.00005066, 0.00006230, 0.00014392, 0.00003888, 0.00011665, 0.00003574, 0.00009416, 0.00012116, 0.00002471, 0.00003985, 0.00006446, 0.00017182, 0.00036551, 0.00009242, 0.00006247
0.00008084, 0.00005049, 0.00004019, 0.00002007, 0.00006564, 0.00005526, 0.00000000, 0.00012115, 0.00004479, 0.00009375, 0.00012433, 0.00005839, 0.00008335, 0.00012002, 0.00002976, 0.00003236, 0.00003120, 0.00007174, 0.00015011, 0.00016823, 0.00021743, 0.00002355, 0.00006927, 0.00009397, 0.00008884, 0.00003626, 0.00003802, 0.00004574, 0.00000622, 0.00004767, 0.00012076, 0.00007933, 0.00005317, 0.00005916, 0.00016395, 0.00001979, 0.00003871, 0.00010419, 0.00004704, 0.00015975, 0.00010117, 0.00005576, 0.00005854, 0.00002581, 0.00005326, 0.00006925, 0.00003223, 0.00003623, 0.00004618, 0.00005778, 0.00007768, 0.00007994, 0.00001756, 0.00009689, 0.00004504, 0.00005445, 0.00014842, 0.00006271, 0.00006631, 0.00007728, 0.00023790, 0.00025023, 0.00004309, 0.00003470, 0.00003562, 0.00010407, 0.00010752, 0.00004061, 0.00008045, 0.00029777, 0.00004570, 0.00010092, 0.00004613, 0.00005825, 0.00006802, 0.00000788, 0.00005430, 0.00007684, 0.00015762, 0.00006851, 0.00012325, 0.00012651, 0.00033088, 0.00001709, 0.00005908, 0.00004798, 0.00013889, 0.00009810, 0.00028475, 0.00010773, 0.00005742, 0.00014725, 0.00004920, 0.00015684, 0.00004928, 0.00008456, 0.00003340, 0.00007137, 0.00003813, 0.00004930, 0.00009455, 0.00002034, 0.00009461, 0.00006083
0.00003147, 0.00005856, 0.00005432, 0.00009871, 0.00010345, 0.00013429, 0.00012115, 0.00000000, 0.00005034, 0.00005540, 0.00006338, 0.00003957, 0.00006376, 0.00020148, 0.00005168, 0.00017947, 0.00003340, 0.00007470, 0.00017414, 0.00011113, 0.00002680, 0.00032361, 0.00005143, 0.00002445, 0.00020453, 0.00003561, 0.00001598, 0.00008009, 0.00005307, 0.00003753, 0.00024712, 0.00001880, 0.00010402, 0.00003345, 0.00002705, 0.00008817, 0.00013598, 0.00002896, 0.00017401, 0.00023820, 0.00008847, 0.00005452, 0.00002132, 0.00004144, 0.00004198, 0.00003818, 0.00007954, 0.00010157, 0.00006685, 0.00020185, 0.00008647, 0.00004374, 0.00006767, 0.00003081, 0.00001390, 0.00005004, 0.00002867, 0.00008460, 0.00002597, 0.00003650, 0.00008828, 0.00010137, 0.00009151, 0.00008563, 0.00009242, 0.00000550, 0.00006658, 0.00003228, 0.00004606, 0.00008921, 0.00004788, 0.00007407, 0.00006169, 0.00004745, 0.00002540, 0.00002960, 0.00006358, 0.00006780, 0.00011548, 0.00003431, 0.00001838, 0.00004987, 0.00002819, 0.00010139, 0.00003044, 0.00009584, 0.00004477, 0.00007630, 0.00005298, 0.00010460, 0.00011471, 0.00005962, 0.00002540, 0.00015018, 0.00011019, 0.00013613, 0.00008466, 0.00002079, 0.00009170, 0.00016690, 0.00003463, 0.00007276, 0.00006458, 0.00003571
0.00007545, 0.00000202, 0.00004720, 0.00005374, 0.00016980, 0.00020651, 0.00004479, 0.00005034, 0.00000000, 0.00010282, 0.00012446, 0.00007701, 0.00003547, 0.00003510, 0.00004412, 0.00006090, 0.00008505, 0.00010508, 0.00000950, 0.00009007, 0.00007820, 0.00008602, 0.00007302, 0.00016794, 0.00005919, 0.00002953, 0.00001413, 0.00008190, 0.00003647, 0.00006813, 0.00014618, 0.00002595, 0.00006290, 0.00000651, 0.00008612, 0.00007197, 0.00004082, 0.00011459, 0.00007247, 0.00013009, 0.00009361, 0.00017028, 0.00008347, 0.00002180, 0.00006905, 0.00010495, 0.00004150, 0.00006072, 0.00004498, 0.00005906, 0.00003608, 0.00008723, 0.00009119, 0.00003375, 0.00005994, 0.00003874, 0.00007854, 0.00013063, 0.00001804, 0.00006896, 0.00006418, 0.00003282, 0.00006273, 0.00005561, 0.00006209, 0.00008362, 0.00006168, 0.00004951, 0.00007622, 0.00006776, 0.00002930, 0.00005747, 0.00013106, 0.00009087, 0.00009999, 0.00002808, 0.00008948, 0.00014666, 0.00002177, 0.00009326, 0.00009102, 0.00006604, 0.00011408, 0.00004136, 0.00002649, 0.00003582, 0.00004971, 0.00016626, 0.00003666, 0.00009750, 0.00005942, 0.00034531, 0.00004569, 0.00020870, 0.00010943, 0.00004415, 0.00007895, 0.00003596, 0.00011391, 0.00001073, 0.00003778, 0.00017021, 0.00009807, 0.00001860
0.00008196, 0.00012454, 0.00006799, 0.00015683, 0.00008706, 0.00003645, 0.00009375, 0.00005540, 0.00010282, 0.00000000, 0.00009339, 0.00017312, 0.00004095, 0.00003326, 0.00016355, 0.00007614, 0.00011554, 0.00008719, 0.00049209, 0.00006618, 0.00009615, 0.00014845, 0.00004070, 0.00002677, 0.00008892, 0.00004468, 0.00004712, 0.00015225, 0.00004293, 0.00007351, 0.00008068, 0.00001810, 0.00003746, 0.00006513, 0.00003519, 0.00002102, 0.00009156, 0.00002507, 0.00003740, 0.00003504, 0.00008573, 0.00006283, 0.00003083, 0.00004406, 0.00003126, 0.00007288, 0.00007161, 0.00011291, 0.00006106, 0.00004266, 0.00010589, 0.00008896, 0.00007599, 0.00006999, 0.00011164, 0.00005437, 0.00008001, 0.00011836, 0.00009296, 0.00003662, 0.00002960, 0.00012416, 0.00013936, 0.00004313, 0.00010171, 0.00001651, 0.00006654, 0.00013291, 0.00014299, 0.00009186, 0.00023611, 0.00011627, 0.00006126, 0.00006006, 0.00005923, 0.00006334, 0.00005749, 0.00003337, 0.00013785, 0.00005404, 0.00008753, 0.00015824, 0.00017902, 0.00006749, 0.00011321, 0.00007874, 0.00003960, 0.00007989, 0.00011275, 0.00004877, 0.00004894, 0.00012161, 0.00018059, 0.00010324, 0.00014763, 0.00010672, 0.00001611, 0.00011517, 0.00008991, 0.00015078, 0.00010348, 0.00010958, 0.00028621, 0.00008805
0.00003394, 0.00012251, 0.00004295, 0.00002937, 0.00004037, 0.00017922, 0.00012433, 0.00006338, 0.00012446, 0.00009339, 0.00000000, 0.00008621, 0.00011936, 0.00018379, 0.00003275, 0.00002878, 0.00007975, 0.00002403, 0.00006359, 0.00005905, 0.00006869, 0.00006727, 0.00004021, 0.00024603, 0.00010570, 0.00007613, 0.00010965, 0.00005936, 0.00006884, 0.00005471, 0.00004745, 0.00002713, 0.00005309, 0.00021879, 0.00003022, 0.00003405, 0.00011861, 0.00003908, 0.00002857, 0.00001573, 0.00009049, 0.00003960, 0.00000684, 0.00003762, 0.00003341, 0.00013176, 0.00005015, 0.00018645, 0.00004201, 0.00016913, 0.00006835, 0.00005590, 0.00009889, 0.00007036, 0.00006612, 0.00002891, 0.00003646, 0.00001594, 0.00004451, 0.00010435, 0.00007337, 0.00003061, 0.00008107, 0.00005752, 0.00006756, 0.00005239, 0.00006451, 0.00008415, 0.00005657, 0.00012849, 0.00001150, 0.00025992, 0.00005280, 0.00006802, 0.00006867, 0.00014982, 0.00013713, 0.00003467, 0.00017125, 0.00004751, 0.00014582, 0.00027945, 0.00013658, 0.00015900, 0.00011187, 0.00008457, 0.00009428, 0.00006673, 0.00017927, 0.00009002, 0.00010310, 0.00005731, 0.00038534, 0.00010766, 0.00010997, 0.00009401, 0.00002028, 0.00014458, 0.00003336, 0.00003252, 0.00021208, 0.00007789, 0.00061062, 0.00005736
0.00010329, 0.00008797, 0.00010359, 0.00019923, 0.00020713, 0.00007085, 0.00005839, 0.00003957, 0.00007701, 0.00017312, 0.00008621, 0.00000000, 0.00021008, 0.00006060, 0.00007224, 0.00009257, 0.00012291, 0.00011769, 0.00009003, 0.00015477, 0.00021032, 0.00005672, 0.00007772, 0.00014646, 0.00005359, 0.00012731, 0.00002903, 0.00003362, 0.00004263, 0.00007217, 0.00009303, 0.00013063, 0.00005681, 0.00004070, 0.00005178, 0.00002778, 0.00011089, 0.00004454, 0.00008360, 0.00002351, 0.00003524, 0.00004139, 0.00006915, 0.00016099, 0.00004047, 0.00004726, 0.00009032, 0.00003961, 0.00007892, 0.00002296, 0.00007900, 0.00006767, 0.00008002, 0.00007015, 0.00003619, 0.00008597, 0.00015925, 0.00010480, 0.00004156, 0.00014568, 0.00007243, 0.00010042, 0.00006112, 0.00006047, 0.00007646, 0.00008059, 0.00009563, 0.00008180, 0.00003832, 0.00013230, 0.00004498, 0.00012956, 0.00002801, 0.00004281, 0.00003319, 0.00014207, 0.00015688, 0.00001550, 0.00011985, 0.00014820, 0.00004724, 0.00015750, 0.00005877, 0.00011745, 0.00004313, 0.00009491, 0.00018800, 0.00006246, 0.00003450, 0.00009534, 0.00005449, 0.00004778, 0.00002347, 0.00010412, 0.00007260, 0.00008140, 0.00012711, 0.00012935, 0.00025483, 0.00009128, 0.00005760, 0.00005914, 0.00006616, 0.00009873
0.00003153, 0.00005108, 0.00002380, 0.00008950, 0.00006616, 0.00022655, 0.00008335, 0.00006376, 0.00003547, 0.00004095, 0.00011936, 0.00021008, 0.00000000, 0.00006726, 0.00014191, 0.00002679, 0.00000832, 0.00010648, 0.00005690, 0.00036071, 0.00012180, 0.00009391, 0.00008320, 0.00019209, 0.00015701, 0.00021950, 0.00004462, 0.00007479, 0.00002978, 0.00005079, 0.00010431, 0.00003523, 0.00006248, 0.00005997, 0.00003324, 0.00007589, 0.00001220, 0.00000963, 0.00008401, 0.00002060, 0.00001677, 0.00014658, 0.00004037, 0.00003122, 0.00006633, 0.00004727, 0.00002994, 0.00002594, 0.00008468, 0.00002536, 0.00009751, 0.00004297, 0.00012595, 0.00002271, 0.00008705, 0.00003059, 0.00001016, 0.00006483, 0.00006117, 0.00004540, 0.00004578, 0.00006911, 0.00013142, 0.00004697, 0.00003735, 0.00009925, 0.00006334, 0.00008397, 0.00003457, 0.00004801, 0.00009119, 0.00009736, 0.00004129, 0.00005314, 0.00005209, 0.00004911, 0.00005793, 0.00003525, 0.00004257, 0.00015952, 0.00019471, 0.00002747, 0.00011155, 0.00012169, 0.00009565, 0.00004018, 0.00002247, 0.00004358, 0.00004776, 0.00011704, 0.00004728, 0.00028069, 0.00011723, 0.00011928, 0.00006508, 0.00015053, 0.00016462, 0.00007509, 0.00002850, 0.00007327, 0.00009433, 0.00011477, 0.00010727, 0.00009869
0.00019392, 0.00009318, 0.00005076, 0.00009419, 0.00007048, 0.00021290, 0.00012002, 0.00020148, 0.00003510, 0.00003326, 0.00018379, 0.00006060, 0.00006726, 0.00000000, 0.00023997, 0.00018643, 0.00022993, 0.00009697, 0.00008296, 0.00005902, 0.00010433, 0.00010054, 0.00007675, 0.00007029, 0.00004577, 0.00005043, 0.00004318, 0.00005483, 0.00009484, 0.00007203, 0.00003442, 0.00006322, 0.00003318, 0.00005450, 0.00004169, 0.00003492, 0.00003119, 0.00021773, 0.00003900, 0.00001759, 0.00002683, 0.00004105, 0.00027603, 0.00007604, 0.00006236, 0.00007162, 0.00003724, 0.00006630, 0.00005822, 0.00007757, 0.00010826, 0.00007027, 0.00027329, 0.00009215, 0.00004143, 0.00002362, 0.00004697, 0.00003384, 0.00000722, 0.00011165, 0.00002749, 0.00001783, 0.00007821, 0.00009419, 0.00023934, 0.00006696, 0.00002235, 0.00004706, 0.00004086, 0.00007714, 0.00011488, 0.00012225, 0.00004958, 0.00005135, 0.00005175, 0.00005272, 0.00004285, 0.00006294, 0.00006423, 0.00017652, 0.00003251, 0.00024582, 0.00005498, 0.00007268, 0.00004410, 0.00042253, 0.00008070, 0.00006456, 0.00007204, 0.00004359, 0.00004381, 0.00010642, 0.00003906, 0.00013399, 0.00010869, 0.00007173, 0.00006788, 0.00020253, 0.00006524, 0.00007552, 0.00007589, 0.00012187, 0.00005279, 0.00002325
0.00007630, 0.00013268, 0.00003975, 0.00011003, 0.00006370, 0.00007980, 0.00002976, 0.00005168, 0.00004412, 0.00016355, 0.00003275, 0.00007224, 0.00014191, 0.00023997, 0.00000000, 0.00008141, 0.00009622, 0.00004313, 0.00007243, 0.00016330, 0.00004652, 0.00002610, 0.00006046, 0.00007577, 0.00003845, 0.00023008, 0.00009038, 0.00003960, 0.00009027, 0.00011619, 0.00011147, 0.00011870, 0.00015550, 0.00004670, 0.00003922, 0.00001463, 0.00009341, 0.00001659, 0.00003964, 0.00010196, 0.00016423, 0.00005038, 0.00006092, 0.00008939, 0.00005540, 0.00006656, 0.00009588, 0.00014817, 0.00011958, 0.00003113, 0.00005904, 0.00005036, 0.00006324, 0.00016135, 0.00002363, 0.00007584, 0.00011540, 0.00008620, 0.00020519, 0.00015327, 0.00005234, 0.00005848, 0.00003503, 0.00005565, 0.00010633, 0.00005700, 0.00010831, 0.00004554, 0.00003488, 0.00003220, 0.00003130, 0.00019128, 0.00003319, 0.00004241, 0.00006587, 0.00009424, 0.00002909, 0.00013891, 0.00009594, 0.00005938, 0.00000945, 0.00009954, 0.00020319, 0.00007837, 0.00001764, 0.00004587, 0.00007238, 0.00006653, 0.00025333, 0.00007417, 0.00007506, 0.00008111, 0.00001753, 0.00007250, 0.00006698, 0.00009748, 0.00010330, 0.00004764, 0.00013421, 0.00036680, 0.00026107, 0.00004495, 0.00006469, 0.00005301
0.00013775, 0.00004353, 0.00002570, 0.00002380, 0.00004761, 0.00004712, 0.00003236, 0.00017947, 0.00006090, 0.00007614, 0.00002878, 0.00009257, 0.00002679, 0.00018643, 0.00008141, 0.00000000, 0.00009154, 0.00016535, 0.00016235, 0.00037136, 0.00003939, 0.00009387, 0.00005909, 0.00004080, 0.00010813, 0.00018664, 0.00008257, 0.00005884, 0.00003152, 0.00009170, 0.00005853, 0.00001987, 0.00007711, 0.00002633, 0.00008007, 0.00007270, 0.00004887, 0.00005779, 0.00002092, 0.00008726, 0.00014884, 0.00007157, 0.00003899, 0.00007827, 0.00005669, 0.00003717, 0.00005150, 0.00008147, 0.00002865, 0.00004543, 0.00007012, 0.00012274, 0.00006909, 0.00004758, 0.00005913, 0.00008257, 0.00002903, 0.00000823, 0.00005760, 0.00007381, 0.00003637, 0.00004351, 0.00006036, 0.00004999, 0.00005954, 0.00005690, 0.00010420, 0.00004781, 0.00008081, 0.00005948, 0.00010520, 0.00013086, 0.00010918, 0.00006520, 0.00011455, 0.00006077, 0.00006546, 0.00005058, 0.00002167, 0.00004391, 0.00011879, 0.00033410, 0.00024399, 0.00023228, 0.00013530, 0.00004210, 0.00013383, 0.00006731, 0.00012697, 0.00015249, 0.00008171, 0.00004945, 0.00004815, 0.00004845, 0.00016655, 0.00007200, 0.00014484, 0.00010779, 0.00008973, 0.00008375, 0.00007453, 0.00012690, 0.00010080, 0.00009501
0.00013779, 0.00005108, 0.00002920, 0.00008991, 0.00004277, 0.00010239, 0.00003120, 0.00003340, 0.00008505, 0.00011554, 0.00007975, 0.00012291, 0.00000832, 0.00022993, 0.00009622, 0.00009154, 0.00000000, 0.00002628, 0.00009817, 0.00011826, 0.00013263, 0.00011562, 0.00008543, 0.00007538, 0.00006961, 0.00004271, 0.00007476, 0.00010153, 0.00003573, 0.00007067, 0.00011245, 0.00017137, 0.00006272, 0.00009552, 0.00023490, 0.00005780, 0.00009752, 0.00004199, 0.00001388, 0.00004580, 0.00001768, 0.00003223, 0.00001457, 0.00011131, 0.00001365, 0.00014288, 0.00005763, 0.00004475, 0.00000531, 0.00017589, 0.00004261, 0.00004153, 0.00001425, 0.00002475, 0.00004797, 0.00006289, 0.00001995, 0.00008696, 0.00009127, 0.00012187, 0.00004363, 0.00008402, 0.00020435, 0.00009139, 0.00003158, 0.00010555, 0.00005216, 0.00014998, 0.00003484, 0.00001395, 0.00006586, 0.00010160, 0.00003401, 0.00008410, 0.00016914, 0.00005863, 0.00013318, 0.00008530, 0.00004080, 0.00007824, 0.00011136, 0.00009403, 0.00008597, 0.00011184, 0.00016583, 0.00032783, 0.00004172, 0.00004918, 0.00006750, 0.00013525, 0.00011674, 0.00005814, 0.00005934, 0.00002627, 0.00005116, 0.00005275, 0.00009897, 0.00012004, 0.00002928, 0.00005995, 0.00007197, 0.00006721, 0.00009991, 0.00008834
0.00004104, 0.00002671, 0.00003227, 0.00010401, 0.00006374, 0.00025816, 0.00007174, 0.00007470, 0.00010508, 0.00008719, 0.00002403, 0.00011769, 0.00010648, 0.00009697, 0.00004313, 0.00016535, 0.00002628, 0.00000000, 0.00003199, 0.00007118, 0.00005403, 0.00023130, 0.00006398, 0.00003197, 0.00009230, 0.00006173, 0.00008024, 0.00012229, 0.00006857, 0.00002876, 0.00005082, 0.00009390, 0.00012992, 0.00001845, 0.00005808, 0.00003462, 0.00004056, 0.00002645, 0.00002458, 0.00006073, 0.00008157, 0.00006122, 0.00009501, 0.00009395, 0.00002073, 0.00007082, 0.00004197, 0.00004408, 0.00004269, 0.00002498, 0.00003310, 0.00007576, 0.00008957, 0.00002593, 0.00004222, 0.00002021, 0.00008414, 0.00013098, 0.00018728, 0.00006549, 0.00001564, 0.00009934, 0.00005322, 0.00018683, 0.00022366, 0.00011957, 0.00002887, 0.00005881, 0.00008690, 0.00000875, 0.00006454, 0.00009389, 0.00002578, 0.00007619, 0.00010910, 0.00009032, 0.00009544, 0.00003985, 0.00011002, 0.00060965, 0.00004466, 0.00009435, 0.00004218, 0.00016401, 0.00002284, 0.00026621, 0.00003261, 0.00004005, 0.00012094, 0.00024204, 0.00007921, 0.00008438, 0.00007126, 0.00011858, 0.00011149, 0.00009125, 0.00008149, 0.00023096, 0.00007106, 0.00013035, 0.00018201, 0.00011279, 0.00016634, 0.00007115
0.00005453, 0.00016546, 0.00003748, 0.00009892, 0.00005222, 0.00006739, 0.00015011, 0.00017414, 0.00000950, 0.00049209, 0.00006359, 0.00009003, 0.00005690, 0.00008296, 0.00007243, 0.00016235, 0.00009817, 0.00003199, 0.00000000, 0.00005144, 0.00017689, 0.00004002, 0.00010640, 0.00006049, 0.00008496, 0.00005284, 0.00010275, 0.00016338, 0.00002326, 0.00010058, 0.00007677, 0.00007435, 0.00004255, 0.00013196, 0.00001680, 0.00003013, 0.00002138, 0.00006372, 0.00002781, 0.00008771, 0.00010438, 0.00005061, 0.00002086, 0.00010560, 0.00005276, 0.00004259, 0.00004580, 0.00008653, 0.00003512, 0.00007283, 0.00002798, 0.00003091, 0.00002442, 0.00008563, 0.00005316, 0.00001708, 0.00006173, 0.00001707, 0.00006549, 0.00006245, 0.00007208, 0.00007505, 0.00004735, 0.00006988, 0.00005527, 0.00002345, 0.00009444, 0.00008380, 0.00006819, 0.00008645, 0.00012598, 0.00008497, 0.00003555, 0.00005254, 0.00001840, 0.00007641, 0.00003253, 0.00004775, 0.00004248, 0.00005788, 0.00011269, 0.00004865, 0.00017070, 0.00010039, 0.00007307, 0.00003405, 0.00009672, 0.00007265, 0.00010666, 0.00012958, 0.00008339, 0.00005050, 0.00008956, 0.00002985, 0.00020065, 0.00009663, 0.00010050, 0.00003223, 0.00004731, 0.00025716, 0.00001959, 0.00025464, 0.00040990, 0.00001070
0.00006123, 0.00002317, 0.00007114, 0.00010199, 0.00013516, 0.00009469, 0.00016823, 0.00011113, 0.00009007, 0.00006618, 0.00005905, 0.00015477, 0.00036071, 0.00005902, 0.00016330, 0.00037136, 0.00011826, 0.00007118, 0.00005144, 0.00000000, 0.00004952, 0.00004388, 0.00007784, 0.00024808, 0.00009405, 0.00004869, 0.00007331, 0.00006744, 0.00003486, 0.00017550, 0.00009266, 0.00010428, 0.00003716, 0.00002475, 0.00019041, 0.00009773, 0.00006549, 0.00002379, 0.00004792, 0.00005047, 0.00005802, 0.00018926, 0.00018026, 0.00002112, 0.00009430, 0.00004998, 0.00017743, 0.00005429, 0.00011026, 0.00002685, 0.00000536, 0.00006199, 0.00003791, 0.00009237, 0.00001279, 0.00005647, 0.00014079, 0.00007563, 0.00007111, 0.00034904, 0.00005381, 0.00005898, 0.00005829, 0.00004816, 0.00014776, 0.00005062, 0.00006903, 0.00005290, 0.00009729, 0.00006311, 0.00003849, 0.00008873, 0.00001803, 0.00006454, 0.00001837, 0.00026173, 0.00006360, 0.00007111, 0.00007781, 0.00016651, 0.00005921, 0.00008169, 0.00005069, 0.00024223, 0.00003555, 0.00031310, 0.00006668, 0.00005619, 0.00011405, 0.00009768, 0.00019784, 0.00009017, 0.00005283, 0.00003653, 0.00010117, 0.00007232, 0.00006990, 0.00008119, 0.00011963, 0.00010458, 0.00004747, 0.00045915, 0.00003883, 0.00009601
0.00009927, 0.00036794, 0.00013470, 0.00003052, 0.00006101, 0.00002801, 0.00021743, 0.00002680, 0.00007820, 0.00009615, 0.00006869, 0.00021032, 0.00012180, 0.00010433, 0.00004652, 0.00003939, 0.00013263, 0.00005403, 0.00017689, 0.00004952, 0.00000000, 0.00003985, 0.00010163, 0.00016506, 0.00002704, 0.00003339, 0.00003135, 0.00008040, 0.00002977, 0.00006247, 0.00012939, 0.00006352, 0.00010283, 0.00005358, 0.00008833, 0.00004628, 0.00002653, 0.00003455, 0.00009356, 0.00003829, 0.00002427, 0.00003034, 0.00007118, 0.00004888, 0.00006701, 0.00004232, 0.00003738, 0.00005035, 0.00006377, 0.00004467, 0.00001177, 0.00002369, 0.00012743, 0.00002715, 0.00001364, 0.00008640, 0.00001985, 0.00007389, 0.00012567, 0.00005019, 0.00003960, 0.00008644, 0.00005923, 0.00004182, 0.00004322, 0.00003972, 0.00004094, 0.00003233, 0.00004659, 0.00004670, 0.00006147, 0.00007249, 0.00005181, 0.00007265, 0.00008516, 0.00011842, 0.00008110, 0.00002146, 0.00003434, 0.00005340, 0.00005082, 0.00007961, 0.00012172, 0.00006014, 0.00004350, 0.00004283, 0.00005893, 0.00007617, 0.00004559, 0.00005147, 0.00002055, 0.00002665, 0.00034013, 0.00004760, 0.00006191, 0.00005317, 0.00019682, 0.00008976, 0.00006081, 0.00019984, 0.00006941, 0.00018290, 0.00002164, 0.00008960
0.00010174, 0.00010747, 0.00003449, 0.00009132, 0.00009952, 0.00004041, 0.00002355, 0.00032361, 0.00008602, 0.00014845, 0.00006727, 0.00005672, 0.00009391, 0.00010054, 0.00002610, 0.00009387, 0.00011562, 0.00023130, 0.00004002, 0.00004388, 0.00003985, 0.00000000, 0.00002079, 0.00003924, 0.00011647, 0.00002782, 0.00003465, 0.00003386, 0.00008674, 0.00003029, 0.00003943, 0.00003089, 0.00008584, 0.00002345, 0.00006651, 0.00006062, 0.00008520, 0.00007247, 0.00006458, 0.00007645, 0.00008537, 0.00008111, 0.00004015, 0.00006037, 0.00011185, 0.00006123, 0.00014674, 0.00006845, 0.00010892, 0.00009498, 0.00002378, 0.00000944, 0.00009813, 0.00011455, 0.00008085, 0.00012420, 0.00007096, 0.00008655, 0.00024116, 0.00002312, 0.00003393, 0.00006418, 0.00001464, 0.00004978, 0.00004980, 0.00005726, 0.00009923, 0.00018115, 0.00002995, 0.00013308, 0.00004118, 0.00015259, 0.00002286, 0.00008830, 0.00004353, 0.00007209, 0.00003927, 0.00010392, 0.00023148, 0.00020018, 0.00006380, 0.00010424, 0.00009043, 0.00013545, 0.00006735, 0.00001887, 0.00013481, 0.00012482, 0.00010412, 0.00006103, 0.00007679, 0.00003652, 0.00011180, 0.00007825, 0.00010082, 0.00018532, 0.00010511, 0.00021374, 0.00004329, 0.00011998, 0.00014441, 0.00003689, 0.00006274, 0.00000974
0.00008055, 0.00010738, 0.00004985, 0.00004706, 0.00004227, 0.00009110, 0.00006927, 0.00005143, 0.00007302, 0.00004070, 0.00004021, 0.00007772, 0.00008320, 0.00007675, 0.00006046, 0.00005909, 0.00008543, 0.00006398, 0.00010640, 0.00007784, 0.00010163, 0.00002079, 0.00000000, 0.00006217, 0.00025292, 0.00006048, 0.00008363, 0.00007203, 0.00002803, 0.00004361, 0.00009985, 0.00001015, 0.00004242, 0.00005939, 0.00005030, 0.00002801, 0.00009798, 0.00007249, 0.00005273, 0.00006657, 0.00004072, 0.00005095, 0.00002334, 0.00002063, 0.00005377, 0.00003889, 0.00004192, 0.00005485, 0.00000782, 0.00002880, 0.00003529, 0.00004187, 0.00014185, 0.00003465, 0.00007790, 0.00011072, 0.00003256, 0.00013984, 0.00004911, 0.00003716, 0.00005796, 0.00009816, 0.00006360, 0.00008224, 0.00010662, 0.00007101, 0.00009095, 0.00010580, 0.00009501, 0.00012286, 0.00008854, 0.00015331, 0.00004045, 0.00003756, 0.00005750, 0.00009698, 0.00006033, 0.00014834, 0.00006999, 0.00004281, 0.00001907, 0.00003954, 0.00021984, 0.00019420, 0.00007675, 0.00005786, 0.00007802, 0.00005518, 0.00009964, 0.00007337, 0.00003074, 0.00008232, 0.00009136, 0.00009736, 0.00005296, 0.00012808, 0.00003445, 0.00008181, 0.00002285, 0.00002941, 0.00016527, 0.00016167, 0.00005414, 0.00008628
0.00010457, 0.00011482, 0.00020253, 0.00019018, 0.00000021, 0.00004427, 0.00009397, 0.00002445, 0.00016794, 0.00002677, 0.00024603, 0.00014646, 0.00019209, 0.00007029, 0.00007577, 0.00004080, 0.00007538, 0.00003197, 0.00006049, 0.00024808, 0.00016506, 0.00003924, 0.00006217, 0.00000000, 0.00019202, 0.00011546, 0.00004371, 0.00007728, 0.00004277, 0.00007124, 0.00009893, 0.00009854, 0.00006975, 0.00029306, 0.00010742, 0.00030065, 0.00004301, 0.00005763, 0.00008803, 0.00010799, 0.00008707, 0.00008976, 0.00004272, 0.00012133, 0.00007134, 0.00006969, 0.00006001, 0.00003453, 0.00008676, 0.00003939, 0.00020641, 0.00003588, 0.00022879, 0.00004548, 0.00005410, 0.00013298, 0.00003509, 0.00017407, 0.00012014, 0.00005114, 0.00004324, 0.00009767, 0.00005466, 0.00006200, 0.00004931, 0.00001667, 0.00002924, 0.00017629, 0.00003075, 0.00003355, 0.00008700, 0.00004821, 0.00002392, 0.00012281, 0.00003015, 0.00005527, 0.00004205, 0.00003829, 0.00026037, 0.00022157, 0.00003967, 0.00013890, 0.00024438, 0.00007267, 0.00013630, 0.00037302, 0.00016596, 0.00008775, 0.00020700, 0.00007454, 0.00008698, 0.00012944, 0.00010224, 0.00005545, 0.00025049, 0.00018660, 0.00010817, 0.00017112, 0.00006264, 0.00009685, 0.00005299, 0.00001180, 0.00001752, 0.00004801
0.00010437, 0.00010697, 0.00013805, 0.00027588, 0.00004454, 0.00010469, 0.00008884, 0.00020453, 0.00005919, 0.00008892, 0.00010570, 0.00005359, 0.00015701, 0.00004577, 0.00003845, 0.00010813, 0.00006961, 0.00009230, 0.00008496, 0.00009405, 0.00002704, 0.00011647, 0.00025292, 0.00019202, 0.00000000, 0.00005634, 0.00009396, 0.00006275, 0.00003044, 0.00003886, 0.00010989, 0.00012288, 0.00010153, 0.00005203, 0.00008945, 0.00006741, 0.00008801, 0.00001651, 0.00008593, 0.00005777, 0.00002151, 0.00002755, 0.00004368, 0.00019141, 0.00002774, 0.00003251, 0.00008793, 0.00024508, 0.00003711, 0.00008466, 0.00006798, 0.00007068, 0.00011754, 0.00004424, 0.00010661, 0.00010434, 0.00005115, 0.00010339, 0.00008834, 0.00015760, 0.00003379, 0.00012911, 0.00013973, 0.00005334, 0.00004218, 0.00004537, 0.00004874, 0.00003655, 0.00007218, 0.00013195, 0.00002835, 0.00011282, 0.00003572, 0.00011974, 0.00003650, 0.00006950, 0.00005219, 0.00056691, 0.00006292, 0.00005749, 0.00009520, 0.00004150, 0.00006194, 0.00007976, 0.00018589, 0.00011226, 0.00004720, 0.00011594, 0.00007650, 0.00004473, 0.00001704, 0.00005719, 0.00023787, 0.00008300, 0.00012093, 0.00008443, 0.00010653, 0.00003347, 0.00009008, 0.00003422, 0.00025645, 0.00001924, 0.00007086, 0.00012908
0.00000316, 0.00003670, 0.00009020, 0.00002338, 0.00005909, 0.00010375, 0.00003626, 0.00003561, 0.00002953, 0.00004468, 0.00007613, 0.00012731, 0.00021950, 0.00005043, 0.00023008, 0.00018664, 0.00004271, 0.00006173, 0.00005284, 0.00004869, 0.00003339, 0.00002782, 0.00006048, 0.00011546, 0.00005634, 0.00000000, 0.00001951, 0.00006478, 0.00007715, 0.00025617, 0.00012049, 0.00004794, 0.00007312, 0.00005624, 0.00021521, 0.00007728, 0.00010084, 0.00034050, 0.00012473, 0.00017545, 0.00001801, 0.00007822, 0.00002041, 0.00007001, 0.00004139, 0.00003433, 0.00009396, 0.00005800, 0.00008888, 0.00005624, 0.00007008, 0.00002995, 0.00003397, 0.00037187, 0.00003935, 0.00009205, 0.00015914, 0.00002878, 0.00001208, 0.00003189, 0.00002399, 0.00004209, 0.00004053, 0.00011293, 0.00003758, 0.00012325, 0.00018684, 0.00006841, 0.00017112, 0.00002075, 0.00006553, 0.00009611, 0.00003543, 0.00006229, 0.00004133, 0.00007284, 0.00016916, 0.00002629, 0.00018187, 0.00003963, 0.00017134, 0.00024076, 0.00020652, 0.00012224, 0.00007574, 0.00002378, 0.00008570, 0.00006450, 0.00006890, 0.00001805, 0.00011414, 0.00009053, 0.00005789, 0.00007726, 0.00004462, 0.00014714, 0.00001595, 0.00011952, 0.00003714, 0.00003682, 0.00009322, 0.00001561, 0.00003135, 0.00005396
0.00002565, 0.00006751, 0.00000952, 0.00005670, 0.00016414, 0.00003595, 0.00003802, 0.00001598, 0.00001413, 0.00004712, 0.00010965, 0.00002903, 0.00004462, 0.00004318, 0.00009038, 0.00008257, 0.00007476, 0.00008024, 0.00010275, 0.00007331, 0.00003135, 0.00003465, 0.00008363, 0.00004371, 0.00009396, 0.00001951, 0.00000000, 0.00014068, 0.00013380, 0.00004337, 0.00018111, 0.00015583, 0.00002948, 0.00005274, 0.00003616, 0.00011668, 0.00010620, 0.00006767, 0.00002743, 0.00011478, 0.00009171, 0.00007026, 0.00013522, 0.00014245, 0.00037021, 0.00003552, 0.00005170, 0.00016927, 0.00003622, 0.00003094, 0.00011370, 0.00014989, 0.00012505, 0.00003454, 0.00004794, 0.00014794, 0.00006632, 0.00004687, 0.00007825, 0.00002788, 0.00001609, 0.00003655, 0.00004907, 0.00009000, 0.00011536, 0.00011288, 0.00013091, 0.00006341, 0.00006318, 0.00009616, 0.00005342, 0.00008263, 0.00002300, 0.00006853, 0.00009652, 0.00007371, 0.00002433, 0.00003984, 0.00010354, 0.00008176, 0.00006447, 0.00001553, 0.00006832, 0.00017683, 0.00013675, 0.00009890, 0.00004434, 0.00006525, 0.00027391, 0.00015408, 0.00003453, 0.00008281, 0.00013969, 0.00008736, 0.00028354, 0.00012603, 0.00089444, 0.00004891, 0.00007366, 0.00002977, 0.00006938, 0.00010840, 0.00007746, 0.00006799
0.00005839, 0.00017328, 0.00008963, 0.00002456, 0.00002078, 0.00012220, 0.00004574, 0.00008009, 0.00008190, 0.00015225, 0.00005936, 0.00003362, 0.00007479, 0.00005483, 0.00003960, 0.00005884, 0.00010153, 0.00012229, 0.00016338, 0.00006744, 0.00008040, 0.00003386, 0.00007203, 0.00007728, 0.00006275, 0.00006478, 0.00014068, 0.00000000, 0.00006335, 0.00022499, 0.00010173, 0.00010286, 0.00005877, 0.00005359, 0.00013032, 0.00009393, 0.00008873, 0.00013079, 0.00003896, 0.00005580, 0.00007967, 0.00004484, 0.00024786, 0.00013151, 0.00004668, 0.00008023, 0.00018695, 0.00001270, 0.00011399, 0.00006366, 0.00008040, 0.00006423, 0.00009543, 0.00004063, 0.00014728, 0.00005160, 0.00001998, 0.00008629, 0.00003148, 0.00009443, 0.00007178, 0.00010522, 0.00006762, 0.00003713, 0.00015164, 0.00008817, 0.00007630, 0.00002350, 0.00007843, 0.00011006, 0.00002096, 0.00005410, 0.00007630, 0.00003371, 0.00020594, 0.00003596, 0.00008824, 0.00005116, 0.00015683, 0.00009393, 0.00006340, 0.00010505, 0.00003812, 0.00012866, 0.00001355, 0.00012069, 0.00008838, 0.00009602, 0.00009882, 0.00004696, 0.00013370, 0.00003973, 0.00024595, 0.00037639, 0.00023316, 0.00002802, 0.00008519, 0.00003546, 0.00002591, 0.00018851, 0.00005787, 0.00013541, 0.00005767, 0.00009967
0.00004671, 0.00000895, 0.00003277, 0.00008813, 0.00008674, 0.00018450, 0.00000622, 0.00005307, 0.00003647, 0.00004293, 0.00006884, 0.00004263, 0.00002978, 0.00009484, 0.00009027, 0.00003152, 0.00003573, 0.00006857, 0.00002326, 0.00003486, 0.00002977, 0.00008674, 0.00002803, 0.00004277, 0.00003044, 0.00007715, 0.00013380, 0.00006335, 0.00000000, 0.00003122, 0.00017823, 0.00010734, 0.00010570, 0.00006880, 0.00005408, 0.00003973, 0.00009432, 0.00013016, 0.00002869, 0.00005295, 0.00002829, 0.00013856, 0.00004633, 0.00021260, 0.00002963, 0.00004122, 0.00002111, 0.00008272, 0.00004564, 0.00005539, 0.00001431, 0.00005012, 0.00005567, 0.00003829, 0.00005510, 0.00013297, 0.00003310, 0.00007444, 0.00006933, 0.00007279, 0.00007631, 0.00009921, 0.00003921, 0.00004721, 0.00006871, 0.00004185, 0.00008181, 0.00005093, 0.00012159, 0.00012053, 0.00007782, 0.00011449, 0.00003707, 0.00010438, 0.00010767, 0.00007961, 0.00006452, 0.00003841, 0.00014724, 0.00005494, 0.00016855, 0.00002446, 0.00004646, 0.00018939, 0.00010299, 0.00002507, 0.00004768, 0.00004368, 0.00003459, 0.00002658, 0.00012121, 0.00009248, 0.00008865, 0.00004297, 0.00002963, 0.00000879, 0.00015134, 0.00003787, 0.00007779, 0.00007365, 0.00004215, 0.00002718, 0.00003001, 0.00006961
0.00010552, 0.00002945, 0.00003005, 0.00031183, 0.00002554, 0.00006932, 0.00004767, 0.00003753, 0.00006813, 0.00007351, 0.00005471, 0.00007217, 0.00005079, 0.00007203, 0.00011619, 0.00009170, 0.00007067, 0.00002876, 0.00010058, 0.00017550, 0.00006247, 0.00003029, 0.00004361, 0.00007124, 0.00003886, 0.00025617, 0.00004337, 0.00022499, 0.00003122, 0.00000000, 0.00008527, 0.00009542, 0.00004432, 0.00006266, 0.00003777, 0.00019748, 0.00004949, 0.00006400, 0.00012236, 0.00007556, 0.00005748, 0.00007907, 0.00004082, 0.00028992, 0.00008706, 0.00004622, 0.00023620, 0.00007454, 0.00006405, 0.00009343, 0.00004913, 0.00002635, 0.00003847, 0.00003560, 0.00006429, 0.00004053, 0.00008731, 0.00004558, 0.00019194, 0.00005137, 0.00007058, 0.00000216, 0.00005089, 0.00005249, 0.00007412, 0.00002987, 0.00006908, 0.00024139, 0.00005708, 0.00004575, 0.00005302, 0.00006659, 0.00003854, 0.00011320, 0.00005612, 0.00004883, 0.00007406, 0.00005355, 0.00014560, 0.00004380, 0.00004410, 0.00019746, 0.00018266, 0.00006166, 0.00013356, 0.00005051, 0.00001940, 0.00004422, 0.00015786, 0.00004729, 0.00002149, 0.00012293, 0.00010055, 0.00006199, 0.00012364, 0.00011855, 0.00004301, 0.00002779, 0.00006407, 0.00010899, 0.00008321, 0.00007842, 0.00004003, 0.00003621
0.00004248, 0.00008743, 0.00000806, 0.00003566, 0.00010208, 0.00003944, 0.00012076, 0.00024712, 0.00014618, 0.00008068, 0.00004745, 0.00009303, 0.00010431, 0.00003442, 0.00011147, 0.00005853, 0.00011245, 0.00005082, 0.00007677, 0.00009266, 0.00012939, 0.00003943, 0.00009985, 0.00009893, 0.00010989, 0.00012049, 0.00018111, 0.00010173, 0.00017823, 0.00008527, 0.00000000, 0.00004088, 0.00010205, 0.00013239, 0.00006265, 0.00012563, 0.00010359, 0.00007806, 0.00009098, 0.00010771, 0.00012808, 0.00006508, 0.00001320, 0.00007262, 0.00007979, 0.00012722, 0.00058990, 0.00020583, 0.00004132, 0.00008326, 0.00013982, 0.00009537, 0.00020183, 0.00007577, 0.00001258, 0.00002400, 0.00003385, 0.00003802, 0.00016171, 0.00012078, 0.00005516, 0.00004074, 0.00004027, 0.00006410, 0.00006652, 0.00010251, 0.00004763, 0.00051354, 0.00001972, 0.00005859, 0.00005338, 0.00022038, 0.00003600, 0.00004360, 0.00007344, 0.00011209, 0.00015188, 0.00014417, 0.00005293, 0.00007498, 0.00017578, 0.00011521, 0.00024369, 0.00001665, 0.00009884, 0.00004068, 0.00010030, 0.00010934, 0.00004634, 0.00019745, 0.00012975, 0.00004481, 0.00012080, 0.00004361, 0.00013191, 0.00001924, 0.00009975, 0.00005167, 0.00007896, 0.00009414, 0.00009753, 0.00007112, 0.00010284, 0.00005586
0.00004663, 0.00008604, 0.00004900, 0.00012892, 0.00012196, 0.00011070, 0.00007933, 0.00001880, 0.00002595, 0.00001810, 0.00002713, 0.00013063, 0.00003523, 0.00006322, 0.00011870, 0.00001987, 0.00017137, 0.00009390, 0.00007435, 0.00010428, 0.00006352, 0.00003089, 0.00001015, 0.00009854, 0.00012288, 0.00004794, 0.00015583, 0.00010286, 0.00010734, 0.00009542, 0.00004088, 0.00000000, 0.00003067, 0.00010172, 0.00019960, 0.00013396, 0.00008627, 0.00013601, 0.00012132, 0.00018739, 0.00019746, 0.00009285, 0.00008687, 0.00006681, 0.00014495, 0.00001252, 0.00007374, 0.00006179, 0.00005381, 0.00003218, 0.00002305, 0.00008989, 0.00002948, 0.00001504, 0.00010373, 0.00004275, 0.00007395, 0.00007329, 0.00007767, 0.00018626, 0.00003634, 0.00020227, 0.00008465, 0.00001974, 0.00013007, 0.00016514, 0.00018966, 0.00011628, 0.00004421, 0.00007218, 0.00009764, 0.00001578, 0.00003595, 0.00023300, 0.00003996, 0.00011847, 0.00008588, 0.00011961, 0.00006826, 0.00002471, 0.00007589, 0.00022797, 0.00012324, 0.00015308, 0.00010558, 0.00003365, 0.00018970, 0.00005029, 0.00002470, 0.00006514, 0.00008698, 0.00010711, 0.00010513, 0.00006760, 0.00007369, 0.00009340, 0.00006802, 0.00006958, 0.00002613, 0.00013891, 0.00008196, 0.00012962, 0.00012621, 0.00004581
